120	207	225
120	207	268
120	207	269
120	207	275
120	207	317
120	207	334
120	207	371
120	207	391
120	207	397
120	207	434
120	207	445
120	207	518
120	207	547
120	207	568
120	207	571
120	207	578
120	207	591
120	207	638
120	207	654
120	207	677
120	207	680
120	207	686
120	207	693
120	207	727
120	207	763
120	207	772
120	207	787
120	207	826
120	207	925
120	207	926
120	207	928
122	603	255
122	603	265
122	603	278
122	603	301
122	603	360
122	603	371
122	603	391
122	603	432
122	603	456
122	603	495
122	603	504
122	603	584
122	603	623
122	603	630
122	603	654
122	603	721
122	603	774
122	603	833
122	603	874
122	603	896
122	603	973
124	802	228
124	802	285
124	802	319
124	802	365
124	802	375
124	802	384
124	802	395
124	802	436
124	802	439
124	802	450
124	802	485
124	802	522
124	802	549
124	802	587
124	802	747
124	802	756
124	802	758
124	802	796
124	802	839
124	802	880
124	802	892
124	802	897
126	413	262
126	413	306
126	413	357
126	413	367
126	413	464
126	413	467
126	413	728
128	339	219
128	339	235
128	351	201
128	508	225
128	508	321
128	508	418
128	508	744
128	508	779
128	508	792
128	508	883
128	508	952
128	508	987
128	617	243
128	617	266
128	617	378
128	617	485
128	617	541
128	617	667
128	617	677
128	617	760
128	617	830
128	617	851
128	617	891
128	617	898
128	617	905
128	617	931
128	774	241
128	774	312
128	774	435
128	774	450
128	774	487
128	774	925
128	781	201
128	781	410
128	781	476
128	781	559
128	781	634
128	781	780
128	781	825
128	781	854
128	857	256
128	857	362
128	857	401
128	857	756
128	978	342
128	978	433
128	978	621
128	978	713
128	978	780
128	978	826
128	978	832
128	978	877
130	401	239
130	401	272
130	401	288
130	401	299
130	401	371
130	401	402
130	401	500
130	401	592
130	401	627
130	401	643
130	401	656
130	401	778
130	401	925
132	203	542
132	203	930
132	212	237
132	212	244
132	212	332
132	212	364
132	212	469
132	212	474
132	212	547
132	212	638
132	212	724
132	212	798
132	212	990
132	347	221
132	347	249
132	347	295
132	347	386
132	347	426
132	347	506
132	347	588
132	347	628
132	347	719
132	347	778
132	347	862
132	516	221
132	516	239
132	516	299
132	516	304
132	516	457
132	516	569
132	516	649
132	516	665
132	516	722
132	516	742
132	516	837
132	516	875
132	516	892
132	631	220
132	631	236
132	631	267
132	631	395
132	631	427
132	631	606
132	631	679
132	631	751
132	631	774
132	631	802
132	631	848
132	631	953
132	646	200
132	646	257
132	646	297
132	646	369
132	646	448
132	646	496
132	646	502
132	646	562
132	646	622
132	646	641
132	718	232
132	718	259
132	718	287
132	718	343
132	718	357
132	718	417
132	718	580
132	718	623
132	718	687
132	718	697
132	718	715
132	718	750
132	718	790
132	718	813
132	718	816
132	718	918
132	718	923
132	718	954
132	845	617
132	845	825
132	845	839
132	914	205
132	914	458
132	914	482
132	914	612
132	914	672
132	914	701
132	917	237
132	917	288
132	917	308
132	917	393
132	917	416
132	917	469
132	917	562
132	917	619
132	917	670
132	917	671
132	917	783
132	917	791
132	917	864
132	917	899
132	929	233
133	570	559
133	570	832
133	845	221
133	845	355
133	845	465
133	845	473
133	845	524
133	845	778
133	845	784
133	845	879
133	845	956
133	914	503
134	413	738
134	518	215
134	518	230
134	518	241
134	518	267
134	518	296
134	518	327
134	518	387
134	518	399
134	518	414
134	518	580
134	518	597
134	518	756
134	518	784
134	518	831
134	518	873
134	518	887
134	518	962
134	518	968
134	518	982
136	315	247
136	315	282
136	315	324
136	315	336
136	315	337
136	315	365
136	315	367
136	315	403
136	315	489
136	315	498
136	315	541
136	315	548
136	315	639
136	315	643
136	315	656
136	315	697
136	315	702
136	315	865
136	315	867
136	315	869
136	315	892
136	607	347
136	607	387
138	570	918
138	607	243
138	607	356
138	607	563
138	607	637
138	607	693
140	585	206
140	716	216
140	716	252
140	716	400
140	716	401
140	716	462
140	716	553
140	716	556
140	716	583
140	716	595
140	716	673
140	716	691
140	716	763
140	716	826
140	716	904
140	716	934
140	814	697
220	609	398
220	609	653
220	856	370
222	609	218
222	609	292
222	609	503
222	609	529
222	609	556
222	609	858
222	609	920
222	856	222
222	856	237
222	856	306
222	856	483
222	856	574
222	856	996
224	201	242
224	201	257
224	201	318
224	201	348
224	201	385
224	201	416
224	201	442
224	201	450
224	201	603
224	201	743
224	201	814
224	201	863
224	201	868
224	201	924
224	201	983
224	551	200
224	732	353
224	732	403
224	732	405
224	732	444
224	732	770
224	732	804
224	732	822
224	732	925
224	848	391
224	862	772
224	908	206
224	908	207
224	908	237
224	908	287
224	908	318
224	908	350
224	908	374
224	908	383
224	908	402
224	908	426
224	908	507
224	908	526
224	908	682
224	908	698
224	908	747
224	908	763
224	908	778
224	908	834
224	908	847
224	908	943
224	973	214
224	973	217
224	973	333
224	973	391
224	973	427
224	973	471
224	973	567
224	973	607
224	973	707
224	973	709
224	973	764
224	973	793
224	973	852
224	973	864
224	973	895
224	973	919
226	484	616
226	570	682
226	610	693
226	717	218
226	717	225
226	717	308
226	717	312
226	717	318
226	717	333
226	717	340
226	717	507
226	717	532
226	717	536
226	717	656
226	717	659
226	717	684
226	717	718
226	717	733
226	717	777
226	717	831
226	717	852
226	717	854
226	717	981
226	814	910
228	215	320
228	215	325
228	215	381
228	215	399
228	215	430
228	215	494
228	215	522
228	215	552
228	215	588
228	215	625
228	215	644
228	215	661
228	215	701
228	215	710
228	215	736
228	215	786
228	215	893
228	267	200
228	267	286
228	267	307
228	267	488
228	267	652
228	267	690
228	267	699
228	267	851
228	302	254
228	302	306
228	302	346
228	302	384
228	302	412
228	302	448
228	302	506
228	302	624
228	302	643
228	302	645
228	302	650
228	302	668
228	302	683
228	302	685
228	302	824
228	302	827
228	302	918
228	484	348
228	484	358
228	484	568
228	484	635
228	484	744
228	610	253
228	610	274
228	610	366
228	610	385
228	610	622
228	610	637
228	610	708
228	610	760
228	610	794
228	610	828
228	610	830
228	610	836
230	814	219
230	814	254
230	814	280
230	814	298
230	814	342
230	814	365
230	814	393
230	814	405
230	814	418
230	814	519
230	814	537
230	814	561
230	814	585
230	814	766
230	814	805
230	814	906
230	814	966
230	814	996
232	484	464
232	570	230
232	570	240
232	570	262
232	570	420
232	570	439
232	570	454
232	570	467
232	570	530
232	570	673
232	570	680
232	570	685
232	570	725
232	570	749
232	570	755
232	570	756
232	570	793
232	570	797
232	570	879
232	570	916
232	570	937
232	570	944
232	570	966
232	610	577
232	717	996
232	814	264
232	908	841
234	412	201
234	412	297
234	412	315
234	412	357
234	412	364
234	412	518
234	412	538
234	412	567
234	412	595
234	412	745
234	412	766
234	412	850
234	724	239
234	724	267
234	724	337
234	724	423
234	724	593
234	724	646
234	724	753
234	724	899
234	724	968
234	724	982
236	202	208
236	202	250
236	202	275
236	202	289
236	202	335
236	202	364
236	202	370
236	202	386
236	202	428
236	202	443
236	202	451
236	202	455
236	202	536
236	202	559
236	202	561
236	202	583
236	202	621
236	202	660
236	202	680
236	202	742
236	202	969
236	240	246
236	240	260
236	240	389
236	240	391
236	240	406
236	240	425
236	240	767
236	240	783
236	240	821
236	240	857
236	301	299
236	301	328
236	301	362
236	301	586
236	301	690
236	301	706
236	301	918
236	443	479
236	540	659
236	571	226
236	571	228
236	571	234
236	571	283
236	571	296
236	571	366
236	571	382
236	571	612
236	571	641
236	571	765
236	703	243
236	703	264
236	703	377
236	703	491
236	703	524
236	703	532
236	703	569
236	703	630
236	703	643
236	703	674
236	703	704
236	703	718
236	703	797
236	703	928
236	703	956
238	240	865
238	301	494
238	410	434
238	410	622
238	410	658
238	410	773
238	410	866
238	410	913
238	443	247
238	443	314
238	443	326
238	443	330
238	443	360
238	443	401
238	443	403
238	443	412
238	443	464
238	443	556
238	443	623
238	443	629
238	443	693
238	443	697
238	443	853
238	443	964
238	443	982
240	240	362
240	240	366
240	240	436
240	240	452
240	240	625
240	240	920
240	301	694
240	301	859
240	304	246
240	304	693
240	304	724
240	304	839
240	681	258
240	717	294
240	814	747
242	410	835
242	443	521
244	276	229
244	276	251
244	276	479
244	276	673
244	540	363
244	540	474
244	540	747
244	540	763
244	540	798
244	540	839
244	540	864
244	540	925
244	540	966
246	540	205
246	540	262
246	540	395
246	540	736
246	571	246
246	571	271
246	571	333
246	703	554
248	434	538
248	434	689
248	804	353
248	804	468
248	804	742
248	804	824
248	804	855
250	336	234
250	434	656
250	434	821
250	434	830
250	434	849
250	434	850
250	434	993
252	252	429
252	757	278
252	757	298
252	757	308
252	757	334
252	757	345
252	757	395
252	757	441
252	757	449
252	757	475
252	757	649
252	757	656
252	757	759
252	757	779
252	757	830
252	757	908
252	757	927
254	304	244
254	304	520
254	304	560
254	304	643
254	304	673
254	304	718
254	304	730
254	304	824
254	304	953
254	540	559
254	681	200
256	304	217
256	304	371
256	304	398
256	304	427
256	304	432
256	304	441
256	304	468
256	304	530
256	304	554
256	304	559
256	304	567
256	304	631
256	304	694
256	304	808
256	681	892
256	724	878
320	216	222
320	216	235
320	216	483
320	216	588
320	216	663
320	216	986
320	234	400
320	330	656
320	440	231
320	440	319
320	440	342
320	440	379
320	440	390
320	440	398
320	440	519
320	440	571
320	440	574
320	440	578
320	440	627
320	440	633
320	440	685
320	440	963
322	234	575
322	330	271
322	330	318
322	330	444
322	330	646
322	330	660
322	330	772
322	330	817
322	440	294
324	614	387
324	614	443
324	614	553
324	614	762
324	614	799
324	614	834
324	614	883
324	614	887
324	614	918
324	614	991
324	740	218
324	740	227
324	740	230
324	740	290
324	740	350
324	740	432
324	740	465
324	740	521
324	740	550
324	740	557
324	740	578
324	740	707
324	740	709
324	740	772
324	740	792
324	740	820
324	740	847
325	234	207
325	330	391
325	330	488
325	330	606
325	330	687
325	330	850
325	330	891
325	330	895
325	330	973
326	419	202
326	419	267
326	419	344
326	419	366
326	419	373
326	419	387
326	419	398
326	419	400
326	419	423
326	419	459
326	419	596
326	419	613
326	419	652
326	419	717
326	419	729
326	419	748
326	419	758
326	419	802
326	419	822
326	419	873
326	419	894
326	419	899
326	419	926
326	419	939
326	567	253
326	567	260
326	567	267
326	567	286
326	567	298
326	567	331
326	567	429
326	567	435
326	734	888
328	513	267
328	937	425
328	937	427
328	937	508
328	937	540
328	937	630
328	937	652
328	937	673
328	937	728
328	937	751
328	937	837
328	937	855
328	937	874
328	937	962
330	812	588
330	812	589
330	812	836
330	812	848
330	812	874
332	219	253
332	219	778
332	219	809
332	219	828
332	260	350
332	260	691
332	574	224
332	574	306
332	574	321
332	574	371
332	574	595
332	574	832
332	574	867
334	260	235
334	260	421
334	260	694
334	260	909
334	574	566
336	217	666
336	317	298
336	317	333
336	317	373
336	317	456
336	317	533
336	317	660
336	317	694
336	317	892
336	317	903
336	317	942
336	574	598
336	574	652
336	574	721
336	574	889
336	765	225
336	765	246
336	765	258
336	765	296
336	765	326
336	765	332
336	765	384
336	765	436
336	765	487
336	765	498
336	765	525
336	765	533
336	765	538
336	765	564
336	765	567
336	765	568
336	765	572
336	765	587
336	765	641
336	765	660
336	765	671
336	765	738
336	765	798
336	765	922
336	765	948
336	765	963
338	812	271
338	812	278
338	812	350
338	812	398
338	812	569
338	812	574
338	812	578
338	812	610
338	812	623
338	812	636
338	812	687
338	812	694
338	812	718
338	812	720
340	248	330
340	248	508
340	248	523
340	248	610
340	248	613
340	248	753
340	248	779
340	248	864
340	248	901
340	248	945
340	248	966
340	248	981
340	313	217
340	313	390
340	313	436
340	313	521
340	313	528
340	313	659
340	313	709
340	313	876
340	517	436
340	517	443
340	517	447
340	517	920
340	586	246
340	586	350
340	586	421
340	586	627
340	586	675
340	586	684
340	586	723
340	586	729
340	586	741
340	586	808
340	586	851
340	586	860
340	586	929
340	734	232
340	734	512
340	734	818
340	810	292
340	810	429
340	810	512
340	810	583
340	810	812
340	810	828
340	810	931
340	810	957
340	947	428
340	989	849
342	715	625
342	906	233
342	906	274
342	906	283
342	906	291
342	906	353
342	906	366
342	906	437
342	906	472
342	906	485
342	906	771
342	906	833
342	906	883
342	906	892
342	906	914
344	989	285
344	989	292
344	989	553
344	989	629
344	989	661
344	989	668
344	989	687
344	989	787
344	989	799
344	989	825
344	989	866
344	989	932
344	989	977
346	517	286
346	517	383
346	517	386
346	517	391
346	517	625
346	517	883
346	517	899
346	517	912
348	231	223
348	231	269
348	231	343
348	231	384
348	231	448
348	231	585
348	231	607
348	231	676
348	231	760
348	231	762
348	231	792
348	231	867
348	231	902
348	231	947
348	269	205
348	269	238
348	269	369
348	269	466
348	269	491
348	269	521
348	269	548
348	269	588
348	269	668
348	269	721
348	269	727
348	269	731
348	269	746
348	269	751
348	269	989
348	517	756
348	616	235
348	616	308
348	616	351
348	616	430
348	616	540
348	616	732
348	616	742
348	616	790
348	616	795
348	616	890
348	616	892
348	616	975
350	715	207
350	715	238
350	715	330
350	715	365
350	715	396
350	715	445
350	715	508
350	715	510
350	715	576
350	715	693
350	715	758
350	715	805
350	715	824
350	715	863
350	715	905
350	920	250
350	920	255
350	920	257
350	920	328
350	920	358
350	920	439
350	920	456
350	920	495
350	920	596
350	920	615
350	920	667
350	920	710
350	920	737
350	920	789
350	920	826
350	920	837
350	920	848
350	920	899
350	920	955
350	920	981
350	920	995
352	320	655
352	534	220
352	715	235
352	715	237
352	715	263
352	715	353
352	715	374
352	715	398
352	715	472
352	715	538
352	715	552
352	715	557
352	715	565
352	715	568
352	715	594
352	715	640
352	715	643
352	715	667
352	715	668
352	715	669
352	715	673
352	715	689
352	715	744
352	715	778
352	715	822
352	715	831
352	715	857
352	715	868
352	715	875
352	715	926
352	715	985
354	608	248
354	608	272
354	608	320
354	608	340
354	608	376
354	608	457
354	608	489
354	608	509
354	608	533
354	608	538
354	608	567
354	608	586
354	608	625
354	608	637
354	608	738
354	608	762
354	608	763
354	608	766
354	608	796
354	608	833
354	608	845
354	608	850
354	608	930
354	608	966
354	608	985
354	779	475
354	815	704
356	262	296
356	262	301
356	262	337
356	262	389
356	262	427
356	262	514
356	262	539
356	262	626
356	262	736
356	262	743
356	262	882
356	414	221
356	414	329
356	414	576
356	414	755
356	414	855
356	815	292
356	815	737
356	920	206
356	920	245
356	920	346
356	920	348
356	920	384
356	920	517
356	920	553
356	920	576
356	920	699
356	920	772
356	920	990
358	219	345
358	219	683
358	219	697
358	219	789
358	224	209
358	224	223
358	224	542
358	224	757
358	262	624
358	312	206
358	312	265
358	312	267
358	312	276
358	312	357
358	312	419
358	312	423
358	312	475
358	312	488
358	312	573
358	312	710
358	312	797
358	331	200
358	630	341
358	630	351
358	630	430
358	630	513
358	630	528
358	630	992
358	708	387
358	708	432
358	708	455
358	708	469
358	708	515
358	708	540
358	708	644
358	708	707
358	708	724
358	708	824
358	708	895
358	773	210
358	773	534
358	773	590
358	773	661
358	773	765
358	773	956
358	773	960
358	773	997
358	779	236
358	815	256
358	815	363
358	815	373
358	815	392
358	815	412
358	815	426
358	815	442
358	815	457
358	815	495
358	815	750
358	815	790
358	815	882
358	847	386
358	847	461
358	847	493
358	847	586
358	847	871
358	847	873
358	847	878
358	847	896
358	847	968
358	847	990
358	872	237
360	608	677
360	779	772
360	815	231
360	815	239
360	815	362
360	815	547
360	815	763
362	618	333
362	618	364
362	618	571
362	618	687
364	779	400
364	779	777
364	815	991
366	217	828
366	309	225
366	309	527
366	309	747
366	309	838
366	815	856
366	815	934
368	309	219
368	309	238
368	309	272
368	309	367
368	309	613
368	309	778
368	779	432
368	815	872
370	217	249
370	217	283
370	217	631
370	217	841
374	217	476
374	217	482
374	217	660
374	217	768
374	217	794
374	217	796
374	217	853
374	217	873
376	217	248
376	217	457
376	217	647
376	217	829
376	217	833
376	217	982
420	828	300
420	828	595
420	828	605
420	828	654
420	828	656
420	828	778
420	828	891
422	336	284
422	704	206
422	704	255
422	704	308
422	704	315
422	704	334
422	704	448
422	704	495
422	704	500
422	704	557
422	704	604
422	704	608
422	704	631
422	704	636
422	704	677
422	704	757
422	704	760
422	704	793
422	704	817
422	704	889
422	803	286
422	803	339
422	803	656
422	803	818
422	803	981
422	828	410
422	828	426
422	828	445
422	828	459
422	828	640
422	828	833
422	828	897
422	864	936
422	980	613
424	336	207
424	336	230
424	336	256
424	336	368
424	336	371
424	336	677
424	336	742
424	336	748
424	336	752
424	336	778
424	336	817
424	336	883
424	336	973
424	336	993
424	910	559
424	919	568
426	919	224
426	919	235
426	919	257
426	919	275
426	919	296
426	919	402
426	919	410
426	919	469
426	919	676
426	919	680
426	919	744
426	919	882
426	919	918
428	843	265
428	910	231
428	910	344
428	910	398
428	910	454
428	910	473
428	910	649
428	910	713
428	910	721
428	910	817
428	910	836
430	828	802
430	864	217
430	864	256
430	864	257
430	864	274
430	864	276
430	864	288
430	864	349
430	864	360
430	864	365
430	864	391
430	864	461
430	864	472
430	864	545
430	864	561
430	864	642
430	864	679
430	864	682
430	864	787
430	864	819
430	864	910
430	864	962
432	843	344
432	843	348
432	843	365
432	843	370
432	843	426
432	843	436
432	843	583
432	843	585
432	843	713
432	843	733
432	843	923
432	843	997
434	803	200
434	803	263
434	803	266
434	803	553
434	803	591
434	803	622
434	803	625
434	803	707
434	803	880
434	803	944
434	843	563
436	843	219
436	843	223
436	843	259
436	843	261
436	843	562
436	843	567
436	843	589
436	843	644
436	843	694
436	843	718
436	843	889
436	843	899
436	843	952
438	256	906
438	334	408
438	334	644
438	334	756
438	334	982
438	404	375
438	404	456
438	404	464
438	404	582
438	404	634
438	470	213
438	470	253
438	470	313
438	470	385
438	678	237
438	678	243
438	678	344
438	678	349
438	678	435
438	678	448
438	678	475
438	678	544
438	678	573
438	678	576
438	678	605
438	678	622
438	678	666
438	678	799
438	678	914
438	678	925
438	678	968
438	678	983
438	706	269
438	706	376
438	706	456
438	706	475
438	706	477
438	706	519
438	706	538
438	706	582
438	706	697
438	706	783
438	706	947
438	762	524
438	770	215
438	770	263
438	770	281
438	770	296
438	770	316
438	770	392
438	770	463
438	770	478
438	770	525
438	770	571
438	770	608
438	770	615
438	770	625
438	770	646
438	770	729
438	770	737
438	770	762
438	770	782
438	770	783
438	770	796
438	770	809
438	770	822
438	770	857
438	770	869
438	770	968
440	843	342
440	843	384
440	912	210
440	912	282
440	912	304
440	912	345
440	912	384
440	912	401
440	912	403
440	912	437
440	912	450
440	912	479
440	912	488
440	912	523
440	912	527
440	912	529
440	912	601
440	912	693
440	912	756
440	912	778
440	912	851
440	912	865
440	912	961
442	478	589
442	706	240
442	706	730
442	706	831
442	762	333
442	803	952
444	229	240
444	229	390
444	229	418
444	229	518
444	229	519
444	229	588
444	229	695
444	229	723
444	229	729
444	229	848
444	229	921
446	478	212
446	478	294
446	478	297
446	478	325
446	478	628
446	478	736
446	478	867
446	478	892
44813	850	221
44813	850	262
44813	850	382
44813	850	433
44813	850	456
44813	850	466
44813	850	910
44814	850	826
44815	850	399
44815	850	502
44815	850	864
44815	850	883
45009	850	238
45010	850	697
45010	850	742
45011	850	743
45011	850	875
45012	850	285
45204	386	623
45204	904	244
45204	904	259
45204	904	319
45204	904	365
45204	904	371
45204	904	446
45204	904	533
45204	904	626
45204	904	642
45204	904	808
45204	904	868
45204	904	949
45402	352	202
45402	352	389
45402	352	469
45402	352	494
45402	352	507
45402	352	582
45601	386	226
45601	386	231
45601	386	450
45601	386	740
45806	321	223
45806	321	348
45806	321	537
45806	321	765
45806	407	438
45806	407	458
45806	407	770
45806	407	777
45806	407	808
45806	407	857
45806	407	903
45808	321	329
45808	407	225
45808	407	624
45808	407	713
45808	407	791
45808	407	798
45808	407	910
45808	407	919
45808	407	921
46017	305	269
46017	305	333
46017	305	500
46017	305	565
46017	305	617
46017	305	648
46017	305	865
46017	305	890
46017	305	908
46017	786	207
46017	786	234
46017	786	302
46017	786	415
46017	786	664
46017	954	224
46017	954	264
46017	954	273
46017	954	298
46017	954	367
46017	954	543
46017	954	565
46017	954	625
46017	954	818
46017	954	848
46017	954	904
46017	954	996
46018	561	224
46018	561	272
46018	561	290
46018	561	291
46018	561	457
46018	561	522
46018	561	613
46018	561	694
46018	561	902
46018	561	989
46018	772	229
46018	772	248
46018	772	356
46018	772	365
46018	772	402
46018	772	403
46018	772	484
46018	772	934
462	270	260
462	270	261
462	270	369
462	270	379
462	270	422
462	270	618
462	270	629
462	502	233
462	502	274
462	502	279
462	502	291
462	502	298
462	502	335
462	502	352
462	502	391
462	502	429
462	502	476
462	502	679
462	502	772
462	502	806
462	502	908
462	812	206
462	812	225
462	812	748
464	270	201
464	270	215
464	270	274
464	270	334
464	270	346
464	270	356
464	270	414
464	270	556
464	270	571
464	270	578
464	270	637
464	270	656
464	270	728
464	270	772
464	270	885
464	270	910
464	270	988
464	731	479
464	731	782
464	931	485
466	502	542
466	606	276
466	606	277
466	606	306
466	606	371
466	606	447
466	606	479
466	606	502
466	606	673
466	606	675
466	606	743
466	606	802
466	606	852
466	606	881
466	606	882
466	606	926
466	859	207
466	859	208
466	859	241
466	859	336
466	859	368
466	859	433
466	859	519
466	859	697
466	859	734
466	859	805
466	859	996
468	270	238
468	662	667
468	662	768
468	662	787
468	662	874
468	662	892
468	731	230
468	731	282
468	731	439
468	731	536
468	731	656
468	731	662
468	731	805
468	901	223
468	901	307
468	901	362
468	901	405
468	901	687
468	901	762
468	901	788
468	901	827
470	256	785
470	270	697
470	615	208
470	615	241
470	615	412
470	615	538
470	615	572
470	615	620
470	615	649
470	615	655
470	615	656
470	615	686
470	615	727
470	615	772
470	615	784
470	615	835
470	615	897
470	615	984
470	931	235
470	931	249
470	931	394
470	931	434
470	931	474
470	931	532
470	931	559
470	931	583
470	931	721
470	931	808
470	931	845
472	256	670
472	423	238
472	423	275
472	423	387
472	423	709
472	423	877
472	423	881
472	706	375
472	706	398
472	706	841
472	706	935
472	762	887
472	828	494
474	423	222
474	423	261
474	423	627
474	423	973
474	606	786
474	828	486
474	865	207
474	865	241
474	865	266
474	865	357
474	865	395
474	865	414
474	865	455
474	865	474
474	865	828
474	865	873
474	865	918
474	865	966
476	205	233
476	205	271
476	205	284
476	205	355
476	205	363
476	205	371
476	205	398
476	205	457
476	205	466
476	205	472
476	205	491
476	205	536
476	205	559
476	205	619
476	205	625
476	205	669
476	205	679
476	205	697
476	205	702
476	205	748
476	205	783
476	256	201
476	256	215
476	256	329
476	256	375
476	256	586
476	256	643
476	256	676
476	938	238
477	256	288
477	256	360
477	256	394
477	256	417
477	256	512
477	256	514
477	256	633
477	256	728
477	256	752
477	256	804
477	662	676
477	938	223
478	229	334
478	334	345
478	334	400
478	334	434
478	334	456
478	334	548
478	334	558
478	334	562
478	334	564
478	334	625
478	334	663
478	334	682
478	334	699
478	334	702
478	334	779
478	334	814
478	334	863
480	228	641
480	251	217
480	251	249
480	251	418
480	251	445
480	251	586
480	251	600
480	251	638
480	251	647
480	251	648
480	251	650
480	251	676
480	251	865
480	251	966
480	850	327
482	205	596
482	225	874
482	251	771
482	318	633
482	601	210
482	601	323
482	601	363
482	601	466
482	601	524
482	601	546
482	601	612
482	601	618
482	601	635
482	601	735
482	601	760
482	601	778
482	601	845
482	601	938
482	601	942
482	662	208
482	662	216
482	662	271
482	662	272
482	662	309
482	662	348
482	662	356
482	662	365
482	662	391
482	662	398
482	662	412
482	662	462
482	662	496
482	662	569
482	662	592
482	662	593
482	662	651
482	662	652
482	662	682
482	662	718
482	662	724
482	662	743
482	662	765
482	662	806
482	662	839
482	662	855
482	662	861
482	662	865
482	662	972
482	731	327
482	769	487
482	985	548
484	228	210
484	228	264
484	228	287
484	228	295
484	228	327
484	228	380
484	228	395
484	228	424
484	228	547
484	228	691
484	228	883
484	228	931
484	985	531
486	318	229
486	318	244
486	318	245
486	318	246
486	318	278
486	318	333
486	318	361
486	318	373
486	318	381
486	318	382
486	318	391
486	318	465
486	318	558
486	318	563
486	318	568
486	318	579
486	318	670
486	318	874
486	318	894
486	318	908
486	318	992
486	870	859
486	903	672
488	337	222
488	337	328
488	337	504
488	337	529
488	337	534
488	337	538
488	337	588
488	337	656
488	337	667
488	337	685
488	337	782
488	337	969
488	337	993
490	504	208
490	504	277
490	504	450
490	504	540
490	504	667
490	504	833
490	504	842
490	504	931
490	601	875
490	985	254
490	985	327
490	985	359
490	985	365
490	985	429
490	985	515
490	985	622
490	985	692
490	985	727
490	985	745
490	985	772
490	985	787
490	985	792
490	985	804
490	985	819
492	225	282
492	225	286
492	225	387
492	225	608
492	225	625
492	225	667
492	225	701
492	225	717
492	225	777
492	225	803
520	314	291
520	314	761
520	314	852
520	573	237
520	573	238
520	573	249
520	573	254
520	573	277
520	573	319
520	573	331
520	573	341
520	573	357
520	573	382
520	573	426
520	573	437
520	573	461
520	573	475
520	573	538
520	573	587
520	573	647
520	573	677
520	573	743
520	573	784
520	573	835
520	573	840
520	573	859
520	573	985
520	618	207
520	618	237
520	618	321
520	618	334
520	618	639
520	618	644
520	618	675
520	618	824
520	618	888
520	618	935
520	636	230
520	636	237
520	636	434
520	636	487
520	636	549
520	636	818
520	636	938
521	573	884
522	417	204
522	417	277
522	417	353
522	417	388
522	417	436
522	417	452
522	417	472
522	417	521
522	417	613
522	417	628
522	417	680
522	417	684
522	417	707
522	417	749
522	417	887
522	417	893
522	417	935
522	417	966
522	479	822
522	620	643
522	870	937
522	918	985
524	660	213
524	660	237
524	660	264
524	660	345
524	660	384
524	660	440
524	660	446
524	660	458
524	660	533
524	660	564
524	660	582
524	660	595
524	660	596
524	660	644
524	660	674
524	660	833
524	660	849
524	660	874
524	660	892
524	660	935
524	660	944
524	660	984
524	712	287
524	816	270
524	816	282
524	816	293
524	816	398
524	816	465
524	816	528
524	816	592
524	816	671
524	816	678
524	816	698
524	816	798
524	816	840
524	816	872
524	816	919
524	913	279
524	913	285
524	913	439
524	913	578
524	913	592
524	913	596
524	913	652
524	913	662
524	913	713
524	913	757
524	913	777
524	913	849
524	913	947
524	913	982
526	417	341
526	479	205
526	479	238
526	479	286
526	479	439
526	479	559
526	479	824
526	479	922
526	479	986
526	918	875
528	479	229
528	479	495
528	479	733
528	479	947
528	501	303
528	501	384
528	501	395
528	501	397
528	501	401
528	501	592
528	501	627
528	501	643
528	501	843
528	573	720
528	870	328
528	870	445
528	870	447
528	870	449
528	870	494
528	870	542
528	870	553
528	870	613
528	870	753
528	870	768
528	870	945
528	870	957
528	870	966
528	918	819
530	318	571
530	870	222
530	870	348
530	870	443
530	870	547
530	870	689
530	870	786
530	870	881
532	316	200
532	316	771
532	316	822
532	417	238
532	580	448
532	620	274
532	620	294
532	620	385
532	620	427
532	620	429
532	620	454
532	620	456
532	620	476
532	620	479
532	620	496
532	620	582
532	620	697
532	620	715
532	620	718
532	620	765
532	620	766
532	620	767
532	620	782
532	620	793
532	620	892
532	620	897
532	620	915
532	719	498
532	918	233
534	308	652
534	402	247
534	402	248
534	719	397
534	785	246
534	785	252
534	785	253
534	785	362
534	785	398
534	785	468
534	785	572
534	785	598
534	785	624
534	785	721
534	785	847
534	785	890
534	785	891
534	785	914
534	785	998
536	405	391
536	405	457
536	405	616
536	405	659
536	405	690
536	405	778
536	405	886
536	405	910
536	580	265
536	580	271
536	580	391
536	580	437
536	580	445
536	580	467
536	580	529
536	580	537
536	580	620
536	580	637
536	580	659
536	580	675
536	580	690
536	580	743
536	580	790
536	580	794
536	580	864
536	580	924
536	580	933
536	580	981
536	806	754
538	539	225
538	620	679
538	918	222
538	918	241
538	918	267
538	918	334
538	918	359
538	918	365
538	918	375
538	918	391
538	918	398
538	918	455
538	918	457
538	918	506
538	918	516
538	918	522
538	918	524
538	918	537
538	918	546
538	918	565
538	918	575
538	918	593
538	918	598
538	918	656
538	918	678
538	918	717
538	918	740
538	918	750
538	918	757
538	918	778
538	918	793
538	918	827
538	918	839
538	918	873
538	918	913
538	918	920
540	575	981
540	915	222
540	915	593
540	915	779
540	915	808
540	915	828
540	915	938
542	432	214
542	432	398
542	432	607
542	432	688
542	915	205
544	806	272
544	806	299
544	806	439
544	806	847
544	806	925
544	806	990
546	580	338
546	580	837
546	806	350
546	806	356
546	806	360
546	806	384
546	806	578
546	806	635
546	806	650
546	806	677
546	806	898
546	806	987
548	940	249
548	940	256
548	940	330
548	940	345
548	940	476
548	940	495
548	940	524
548	940	562
548	940	564
548	940	674
548	940	733
550	325	233
550	325	576
552	214	208
552	214	308
552	214	331
552	214	359
552	214	491
552	214	510
552	214	520
552	214	600
552	214	626
552	214	639
552	214	697
552	214	750
552	214	798
552	214	894
552	214	951
552	254	248
552	254	352
552	254	639
552	254	641
552	254	728
552	254	999
552	430	973
552	469	224
552	469	303
552	469	348
552	469	632
552	469	682
552	469	721
552	469	775
552	469	791
552	682	231
552	682	422
552	682	459
552	682	583
552	682	667
552	682	738
552	817	221
552	817	384
552	817	406
552	817	524
552	817	526
552	817	546
552	817	554
552	817	559
552	817	612
552	817	636
552	817	664
552	817	675
552	817	721
552	817	747
552	817	790
552	817	910
552	817	948
552	903	303
552	903	491
552	903	713
552	903	719
552	903	745
552	903	825
552	903	922
552	903	978
552	903	982
552	903	994
552	940	223
552	940	325
552	940	442
552	940	498
552	940	727
552	972	308
552	972	309
552	972	450
552	972	552
552	972	634
552	972	640
552	972	778
552	972	818
554	430	200
554	870	772
554	903	330
554	903	343
554	903	588
554	903	613
554	903	789
554	903	946
554	903	947
556	254	623
556	254	661
556	254	699
556	254	876
558	512	316
558	512	336
558	512	399
558	512	450
558	512	503
558	512	584
558	512	682
558	512	772
558	512	853
560	281	246
560	281	282
560	281	343
560	281	391
560	281	398
560	281	421
560	281	475
560	281	505
560	281	531
560	281	580
560	281	587
560	281	668
560	281	805
560	281	820
560	281	881
560	281	908
560	281	939
560	281	982
560	409	643
560	713	277
560	713	318
560	713	347
560	713	379
560	713	398
560	713	399
560	713	424
560	713	437
560	713	457
560	713	559
560	713	564
560	713	568
560	713	571
560	713	579
560	713	595
560	713	640
560	713	697
560	713	735
560	713	769
560	713	770
560	713	867
560	713	892
560	713	901
560	713	904
560	713	945
560	832	206
560	832	228
560	832	330
560	832	412
560	832	464
560	832	860
560	936	205
560	936	365
560	936	442
560	936	566
560	936	586
560	936	800
560	979	234
560	979	900
560	979	964
560	979	992
562	409	213
562	409	498
562	409	783
564	361	264
564	361	294
564	361	687
564	361	764
564	361	771
564	361	792
564	361	799
564	361	874
564	361	996
566	210	496
566	210	522
566	210	529
566	210	558
566	210	569
566	210	617
566	210	662
566	210	735
566	210	813
566	210	824
566	210	837
566	210	844
566	830	221
566	830	233
566	830	385
566	830	433
566	830	456
566	830	477
566	830	514
566	830	549
566	830	570
566	830	609
566	830	640
566	830	733
566	830	816
566	830	864
566	830	929
566	830	966
566	830	981
566	956	401
566	956	419
568	956	247
568	956	318
568	956	327
568	956	341
568	956	346
568	956	359
568	956	388
568	956	439
568	956	503
568	956	507
568	956	588
568	956	622
568	956	631
568	956	656
568	956	743
568	956	772
568	956	908
568	956	936
570	979	322
570	979	562
570	979	960
620	507	258
620	507	265
620	507	359
620	507	365
620	507	367
620	507	371
620	507	437
620	507	439
620	507	472
620	507	493
620	507	549
620	507	586
620	507	647
620	507	691
620	507	692
620	507	695
620	507	723
620	507	725
620	507	732
620	507	744
620	507	754
620	507	777
620	507	787
620	507	845
620	507	878
620	507	962
620	563	492
620	563	737
620	563	745
620	563	849
620	563	883
620	605	479
620	641	586
620	641	948
620	712	682
624	218	246
624	218	440
624	218	451
624	218	482
624	218	600
624	218	743
624	218	780
624	715	636
626	218	685
626	320	222
626	320	239
626	320	283
626	320	284
626	320	289
626	320	290
626	320	294
626	320	362
626	320	461
626	320	524
626	320	548
626	320	573
626	320	593
626	320	745
626	320	765
626	320	793
626	320	796
626	320	805
626	320	845
626	320	847
626	320	877
626	320	982
626	605	694
628	320	234
628	320	296
628	320	490
628	507	613
628	612	229
628	612	454
628	612	468
628	612	573
628	612	669
628	612	825
628	651	659
628	651	864
628	763	207
628	763	230
628	763	231
628	763	233
628	763	252
628	763	355
628	763	392
628	763	444
628	763	445
628	763	546
628	763	548
628	763	567
628	763	635
628	763	656
628	763	662
628	763	675
628	763	797
628	763	951
628	763	981
628	952	447
628	952	540
628	952	601
628	952	852
628	952	892
630	402	412
630	402	632
630	507	392
630	605	217
630	605	422
630	712	200
630	712	213
630	712	271
630	712	330
630	712	365
630	712	367
630	712	373
630	712	384
630	712	426
630	712	434
630	712	445
630	712	463
630	712	478
630	712	522
630	712	551
630	712	580
630	712	707
630	712	722
630	712	723
630	712	727
630	712	752
630	712	834
630	712	836
630	712	837
630	712	841
630	712	853
630	712	857
630	712	858
630	712	866
630	712	867
630	712	868
630	712	872
630	712	874
630	712	886
630	712	893
630	712	933
630	712	957
630	712	975
632	515	327
632	515	362
632	515	367
632	515	371
632	515	384
632	515	388
632	515	395
632	515	438
632	515	532
632	515	548
632	515	605
632	515	639
632	515	677
632	515	769
632	515	770
632	515	783
632	515	825
632	515	826
632	515	836
632	515	838
632	515	839
632	515	889
632	515	899
632	515	924
632	515	987
632	515	999
632	641	203
632	641	243
632	641	357
632	641	393
632	641	447
632	641	487
632	641	522
632	641	593
632	641	642
632	641	664
632	641	713
632	641	746
632	641	749
632	641	755
632	641	762
632	641	765
632	641	829
632	641	832
632	641	864
632	641	894
632	641	920
632	641	982
632	660	878
634	309	521
634	309	526
634	309	596
634	309	771
634	309	935
634	309	949
634	319	201
634	319	237
634	319	256
634	319	392
634	319	456
634	319	494
634	319	527
634	319	696
634	319	868
634	563	225
634	563	246
634	563	437
634	563	486
634	563	559
634	563	672
634	563	673
634	563	682
634	563	686
634	563	689
634	563	732
634	563	826
634	563	843
634	563	847
634	563	941
634	563	942
634	608	748
634	660	877
634	779	214
634	815	747
635	319	228
635	319	276
635	319	279
635	319	329
635	319	332
635	319	342
635	319	439
635	319	446
635	319	453
635	319	465
635	319	479
635	319	482
635	319	490
635	319	591
635	319	625
635	319	627
635	319	638
635	319	646
635	319	656
635	319	664
635	319	667
635	319	683
635	319	685
635	319	741
635	319	788
635	319	822
635	319	824
635	319	825
635	319	827
635	319	851
635	319	854
635	319	857
635	319	861
635	319	892
635	319	935
635	507	542
635	563	426
635	563	427
635	563	432
635	563	452
635	563	485
635	563	487
635	563	488
635	563	536
635	563	864
635	563	928
636	218	331
636	218	545
636	218	564
636	218	682
636	218	692
636	218	738
636	218	747
636	218	756
636	218	763
636	218	863
636	218	867
636	218	962
636	218	987
636	218	995
636	605	533
636	701	356
636	701	365
636	701	384
636	701	398
636	701	402
636	701	437
636	701	633
636	701	636
636	701	640
636	701	660
636	701	669
636	701	683
636	701	697
636	701	797
636	701	883
636	701	896
636	701	952
636	701	998
638	406	877
638	605	564
638	701	385
638	701	453
638	701	500
638	701	559
638	701	597
638	701	628
638	701	687
638	701	849
638	701	925
638	701	982
640	307	643
640	308	453
640	402	667
640	402	774
640	406	972
640	507	548
640	605	241
640	605	246
640	605	287
640	605	337
640	605	363
640	605	377
640	605	384
640	605	392
640	605	439
640	605	528
640	605	588
640	605	595
640	605	627
640	605	697
640	605	715
640	605	721
640	605	724
640	605	731
640	605	733
640	605	741
640	605	756
640	605	763
640	605	764
640	605	772
640	605	809
640	605	837
640	605	844
640	605	845
640	605	859
640	605	892
640	605	894
640	605	895
640	605	934
640	605	935
640	605	966
640	605	967
640	701	443
640	701	634
640	701	736
640	701	992
640	712	986
644	402	237
644	402	244
644	402	254
644	402	294
644	402	439
644	402	451
644	402	482
644	402	550
644	402	567
644	402	582
644	402	598
644	402	599
644	402	695
644	402	718
644	402	891
644	402	918
644	402	931
644	402	982
644	402	993
644	605	834
644	660	581
644	712	235
644	712	236
644	712	246
644	712	452
644	712	583
644	712	586
644	712	652
644	712	655
644	712	663
644	712	664
644	712	665
644	712	689
644	712	733
644	712	747
644	712	764
644	712	774
644	712	775
644	712	778
644	712	779
644	712	822
644	712	824
644	712	826
644	712	847
644	712	999
646	307	836
646	308	203
646	308	212
646	308	228
646	308	313
646	308	362
646	308	368
646	308	375
646	308	397
646	308	468
646	308	582
646	308	637
646	308	643
646	308	682
646	308	694
646	308	697
646	308	726
646	308	947
646	308	990
646	605	288
646	785	426
646	970	448
648	208	942
648	406	271
648	406	475
648	406	532
648	406	559
648	406	689
648	406	733
648	406	741
648	406	882
648	406	964
648	406	982
650	307	645
650	307	878
650	406	346
650	406	384
650	406	451
650	406	616
650	406	635
650	406	662
650	406	715
650	406	852
650	406	981
650	701	688
652	208	241
652	208	328
652	208	360
652	208	361
652	208	364
652	208	370
652	208	391
652	208	404
652	208	414
652	208	434
652	208	452
652	208	559
652	208	566
652	208	574
652	208	583
652	208	592
652	208	604
652	208	612
652	208	636
652	208	643
652	208	652
652	208	656
652	208	697
652	208	707
652	208	741
652	208	778
652	208	824
652	208	833
652	208	867
652	208	878
652	208	894
652	307	353
652	307	849
652	541	262
652	541	823
652	775	755
652	775	763
654	208	564
654	307	230
654	307	234
654	307	235
654	307	271
654	307	365
654	307	367
654	307	422
654	307	444
654	307	497
654	307	543
654	307	586
654	307	729
654	307	765
654	307	867
654	308	244
654	406	643
654	435	292
654	605	749
654	970	662
656	303	276
656	303	289
656	303	396
656	303	558
656	303	588
656	303	622
656	303	769
656	303	836
656	303	849
656	303	872
656	303	965
656	303	973
656	303	982
656	308	445
656	720	290
656	720	455
656	720	867
656	720	888
656	970	200
656	970	223
656	970	228
656	970	236
656	970	263
656	970	286
656	970	324
656	970	358
656	970	365
656	970	373
656	970	379
656	970	421
656	970	425
656	970	524
656	970	562
656	970	564
656	970	621
656	970	623
656	970	656
656	970	682
656	970	735
656	970	790
656	970	805
656	970	856
656	970	864
656	970	870
656	970	897
658	719	353
658	719	379
658	719	446
658	719	485
658	719	541
658	719	544
658	719	548
658	719	559
658	719	595
658	719	643
658	719	685
658	719	764
658	719	837
658	719	867
660	385	200
660	385	244
660	385	282
660	435	272
660	435	528
660	435	613
660	435	738
660	435	743
660	435	747
660	435	748
660	435	750
660	435	782
660	435	946
660	702	345
660	702	613
660	775	408
660	801	214
660	801	309
660	801	365
660	801	503
660	801	567
660	801	569
660	801	573
660	801	600
660	801	630
660	801	656
660	801	667
660	801	794
660	801	810
660	801	865
660	801	873
660	801	876
660	801	884
660	801	981
660	928	875
664	432	297
664	505	272
664	505	333
664	505	344
664	505	371
664	505	480
664	505	583
664	505	603
664	505	782
664	505	884
664	505	939
664	505	968
664	575	226
664	575	238
664	575	274
664	575	323
664	575	343
664	575	365
664	575	375
664	575	387
664	575	391
664	575	433
664	575	446
664	575	451
664	575	455
664	575	464
664	575	548
664	575	574
664	575	578
664	575	682
664	575	741
664	575	817
664	575	849
664	575	914
666	435	675
666	480	253
666	480	335
666	480	471
666	480	537
666	480	646
666	480	962
666	520	391
666	520	796
666	602	282
666	602	398
666	602	417
666	602	443
666	602	448
666	602	466
666	602	469
666	602	507
666	602	624
666	602	639
666	602	643
666	602	689
666	602	707
666	602	717
666	602	916
666	602	997
666	623	207
666	623	455
666	623	776
666	702	535
666	760	572
666	928	334
666	928	342
666	928	479
666	928	606
666	928	638
666	928	688
666	928	718
666	928	727
666	928	863
666	928	920
668	520	202
668	520	314
668	520	471
668	520	547
668	520	548
668	575	358
668	928	322
668	928	475
670	458	205
670	530	946
670	541	272
670	541	336
670	541	338
670	541	346
670	541	347
670	541	401
670	541	592
670	541	653
670	541	741
670	541	847
670	541	925
670	541	982
672	360	238
672	360	448
672	360	484
672	360	601
672	360	702
672	360	847
672	360	864
672	360	885
672	458	200
672	503	262
672	503	266
672	503	292
672	503	322
672	503	368
672	503	382
672	503	385
672	503	394
672	503	448
672	503	483
672	503	518
672	503	549
672	503	586
672	503	631
672	503	633
672	503	674
672	503	687
672	503	693
672	503	759
672	503	762
672	503	792
672	503	824
672	503	825
672	503	827
672	503	845
672	503	874
672	503	900
672	503	930
672	503	994
672	509	772
672	541	215
672	541	323
672	541	384
672	541	436
672	541	448
672	541	449
672	541	457
672	541	518
672	541	571
672	541	629
672	541	667
672	541	669
672	541	873
672	971	205
672	971	210
672	971	231
672	971	243
672	971	244
672	971	248
672	971	256
672	971	271
672	971	925
674	206	210
674	206	229
674	206	278
674	206	316
674	206	353
674	206	402
674	206	795
674	206	797
674	206	802
674	206	897
674	206	992
674	253	241
674	253	302
674	253	925
674	360	221
674	360	278
674	360	290
674	360	345
674	360	359
674	360	473
674	360	478
674	360	494
674	360	499
674	360	628
674	360	656
674	360	662
674	360	697
674	360	826
674	360	877
674	360	879
674	360	894
674	360	898
674	360	915
674	360	982
674	360	985
674	425	312
674	425	341
674	425	471
674	425	890
674	425	956
676	208	276
676	208	299
676	208	451
676	208	621
676	509	304
676	509	532
676	509	549
676	509	552
676	509	648
676	509	673
676	509	676
676	509	698
676	509	733
676	509	747
676	509	764
676	509	796
676	509	880
676	541	828
720	530	881
720	541	522
720	702	844
720	775	218
720	775	337
720	775	339
720	775	368
720	775	384
720	775	390
720	775	426
720	775	583
720	775	588
720	775	686
720	775	726
720	775	778
720	775	882
720	775	971
721	702	273
721	702	274
721	702	308
721	702	309
721	702	344
721	702	398
721	702	466
721	702	469
721	702	483
721	702	490
721	702	564
721	702	640
721	702	662
721	702	734
721	702	776
721	702	824
721	760	657
721	775	910
722	408	222
722	408	227
722	408	281
722	408	313
722	408	342
722	408	380
722	408	414
722	408	443
722	408	718
722	408	808
722	408	841
722	408	845
722	408	904
722	415	235
722	415	252
722	415	271
722	415	410
722	415	442
722	415	525
722	415	647
722	415	663
722	415	809
722	415	848
722	415	859
722	415	982
722	510	260
722	510	385
722	510	654
722	510	697
722	510	710
722	510	715
722	510	784
722	510	828
722	510	875
722	510	877
722	650	200
722	650	290
722	650	336
722	650	342
722	650	404
722	650	497
722	650	777
722	707	232
722	707	259
722	707	402
722	707	485
722	707	598
722	707	621
722	707	671
722	707	786
722	707	792
722	707	932
722	707	934
722	707	995
722	831	254
722	925	228
722	925	371
722	925	676
722	925	738
722	925	754
722	925	818
724	530	200
724	530	286
724	530	467
724	530	500
724	916	998
726	530	367
726	530	573
726	530	615
726	530	642
726	530	652
726	530	698
726	530	745
726	530	787
726	530	870
726	707	693
726	916	288
726	916	359
726	916	527
726	916	551
726	916	564
726	916	766
726	916	770
726	916	822
726	916	881
726	916	912
726	916	952
726	916	968
728	209	387
728	559	296
728	559	297
728	559	332
728	559	355
728	559	390
728	559	443
728	559	606
728	559	635
728	559	636
728	559	713
728	559	751
728	559	782
728	559	850
728	559	877
728	559	924
728	559	933
728	559	961
730	213	235
730	213	278
730	213	307
730	213	347
730	213	356
730	213	764
730	213	974
730	310	272
730	310	506
730	310	539
730	310	593
730	310	641
730	310	674
730	310	694
730	310	775
730	310	863
730	310	886
730	310	943
730	323	265
730	323	280
730	323	490
730	323	557
730	323	606
730	323	666
730	323	698
730	323	812
730	323	820
730	424	236
730	424	254
730	424	265
730	424	731
730	562	231
730	562	343
730	562	359
730	562	361
730	562	375
730	562	405
730	562	488
730	562	496
730	562	506
730	562	645
730	562	665
730	562	693
730	562	997
730	626	202
730	626	217
730	626	232
730	626	334
730	626	347
730	626	370
730	626	480
730	626	633
730	626	667
730	626	812
730	657	202
730	661	305
730	714	299
730	714	316
730	714	373
730	714	374
730	714	533
730	714	562
730	714	565
730	714	578
730	714	639
730	714	661
730	714	684
730	714	860
730	714	960
730	714	991
730	747	200
730	760	326
730	760	903
730	760	971
730	805	337
730	805	492
730	805	808
730	805	861
730	818	210
730	818	378
730	818	388
730	818	417
730	818	529
730	818	594
730	818	703
730	818	719
730	818	725
730	818	755
730	818	864
730	818	954
730	818	989
730	909	213
730	909	215
730	909	330
730	909	447
730	909	635
730	909	866
730	928	667
730	928	859
730	949	424
730	949	443
730	949	580
730	949	613
730	949	766
730	949	809
730	951	526
730	951	842
730	951	905
732	442	222
732	619	228
732	619	239
732	619	251
732	619	307
732	619	331
732	619	465
732	760	752
732	760	804
732	760	805
732	858	405
732	858	518
732	858	795
732	858	875
734	661	232
734	661	514
734	661	845
734	805	828
736	408	968
736	831	665
736	831	693
736	831	705
736	831	718
738	209	247
738	209	296
738	209	337
738	209	371
738	209	376
738	209	419
738	209	525
738	209	538
738	209	706
738	209	722
738	209	928
738	559	715
740	805	324
740	805	568
740	805	615
740	805	757
740	805	819
740	805	837
740	805	845
740	805	869
740	805	999
820	787	205
820	787	339
820	787	350
820	787	387
820	787	540
820	787	578
820	787	582
820	787	626
820	787	634
820	787	654
820	787	680
820	787	713
820	787	742
820	787	771
820	787	800
820	787	892
820	787	916
820	787	972
820	787	990
820	787	997
820	939	242
822	340	201
822	340	772
822	340	884
824	242	456
826	876	232
826	876	466
826	876	505
826	876	506
826	876	574
826	876	584
828	809	209
828	809	283
828	809	298
828	809	306
828	809	312
828	809	328
828	809	427
828	809	486
828	809	718
828	809	738
828	809	856
828	809	885
828	809	913
828	809	930
828	809	946
828	829	236
828	829	239
828	829	304
828	829	527
828	829	534
828	829	699
828	829	766
828	829	782
828	829	787
828	829	801
828	829	808
828	829	930
828	849	860
828	849	917
830	246	232
830	246	251
830	246	274
830	246	437
830	246	537
830	264	222
830	268	773
830	284	440
830	284	468
830	284	495
830	345	222
830	441	237
830	441	492
830	441	523
830	441	526
830	441	527
830	441	591
830	441	717
830	441	734
830	441	753
830	441	756
830	473	269
830	473	457
830	649	231
830	664	236
830	664	675
830	721	544
830	721	558
830	758	758
830	767	440
830	767	500
830	784	431
830	784	482
830	868	356
830	868	762
830	868	770
830	868	793
830	869	363
830	869	467
830	869	469
832	907	225
832	907	259
832	907	268
832	907	294
832	907	380
832	907	398
832	907	424
832	907	426
832	907	429
832	907	439
832	907	448
832	907	464
832	907	472
832	907	479
832	907	496
832	907	524
832	907	544
832	907	547
832	907	569
832	907	572
832	907	580
832	907	588
832	907	656
832	907	675
832	907	691
832	907	720
832	907	721
832	907	729
832	907	739
832	907	773
832	907	892
832	907	934
832	907	968
832	907	995
834	808	237
834	808	343
834	808	355
834	808	399
834	808	459
834	808	562
834	808	660
834	808	682
834	808	772
834	808	861
870	670	237
870	670	588
870	670	878
871	671	483
871	671	634
871	671	787
884	684	254
888	204	246
888	204	328
888	204	337
888	204	363
888	204	394
888	204	425
888	204	426
888	204	802
888	204	854
888	204	881
888	204	967
888	204	992
888	226	228
888	226	400
888	249	878
888	250	210
888	250	301
888	250	317
888	250	338
888	250	376
888	250	429
888	250	618
888	250	627
888	250	648
888	250	767
888	250	780
888	250	791
888	250	851
888	250	909
888	250	965
888	250	999
888	289	439
888	289	479
888	289	500
888	289	599
888	289	629
888	306	221
888	306	423
888	306	464
888	306	578
888	306	636
888	306	820
888	306	874
888	306	980
888	343	359
888	403	202
888	403	306
888	403	471
888	403	558
888	403	697
888	403	756
888	403	776
888	403	874
888	416	283
888	416	320
888	416	469
888	416	599
888	416	649
888	416	670
888	416	824
888	418	384
888	418	389
888	418	432
888	418	483
888	418	484
888	418	486
888	418	499
888	418	567
888	418	584
888	418	588
888	418	650
888	418	681
888	418	733
888	418	780
888	418	834
888	418	848
888	418	886
888	418	944
888	418	988
888	438	274
888	438	874
888	450	262
888	450	265
888	450	271
888	450	429
888	450	520
888	450	535
888	450	549
888	450	583
888	450	652
888	450	714
888	450	717
888	450	791
888	450	884
888	450	894
888	450	896
888	450	956
888	450	994
888	506	253
888	506	427
888	506	604
888	506	661
888	506	832
888	514	213
888	514	240
888	514	441
888	514	529
888	514	674
888	514	752
888	514	830
888	514	983
888	519	233
888	519	238
888	519	349
888	519	353
888	519	367
888	519	395
888	519	401
888	519	455
888	519	456
888	519	573
888	519	592
888	519	595
888	519	632
888	519	778
888	519	789
888	519	828
888	519	839
888	519	841
888	519	848
888	519	849
888	519	861
888	519	910
888	519	943
888	579	237
888	581	208
888	581	240
888	581	243
888	581	257
888	587	218
888	587	246
888	587	248
888	587	701
888	587	727
888	604	295
888	604	341
888	604	606
888	604	677
888	604	727
888	613	256
888	613	273
888	613	346
888	613	375
888	613	538
888	613	582
888	613	659
888	613	775
888	613	833
888	613	982
888	647	377
888	647	403
888	647	454
888	647	455
888	647	501
888	647	755
888	647	789
888	705	203
888	705	271
888	705	295
888	705	335
888	705	440
888	705	482
888	705	521
888	705	630
888	705	633
888	705	656
888	705	675
888	705	687
888	705	844
888	705	866
888	705	892
888	705	932
888	705	987
888	709	237
888	709	238
888	709	289
888	709	341
888	709	442
888	709	469
888	709	891
888	709	920
888	778	230
888	778	245
888	778	316
888	778	430
888	778	500
888	778	634
888	778	734
888	778	993
888	780	202
888	780	225
888	780	305
888	780	350
888	780	463
888	780	499
888	780	519
888	780	656
888	780	663
888	780	702
888	780	772
888	780	854
888	807	221
888	807	271
888	807	363
888	807	467
888	807	626
888	807	934
888	807	982
888	819	214
888	819	248
888	819	308
888	819	336
888	819	345
888	819	352
888	819	363
888	819	386
888	819	445
888	819	474
888	819	519
888	819	538
888	819	548
888	819	684
888	819	738
888	819	795
888	819	800
888	819	882
888	867	334
888	867	573
888	867	588
888	902	362
888	902	363
888	902	367
888	902	450
888	902	537
888	902	650
888	902	732
888	902	741
888	902	808
888	902	831
888	902	872
888	905	205
888	905	240
888	905	393
888	905	397
888	905	422
888	905	429
888	905	488
888	905	656
888	905	695
888	905	729
888	905	778
888	905	828
888	905	871
888	905	878
888	905	923
888	905	952
888	905	954
888	905	989
920	203	404
920	203	439
920	203	460
920	203	529
920	203	669
920	203	828
920	203	892
920	203	910
920	203	935
920	203	939
920	203	951
920	475	201
920	860	268
920	860	501
920	860	546
920	860	549
920	860	671
920	860	732
920	860	742
920	860	913
920	860	968
921	631	788
922	513	441
922	513	598
922	513	605
922	513	785
922	513	875
922	513	925
922	812	496
922	812	577
922	812	637
922	859	386
922	859	635
922	859	643
922	859	960
922	859	966
922	859	982
923	234	595
923	330	804
923	419	228
923	419	236
923	419	453
923	419	532
923	419	594
923	419	646
923	419	659
923	419	879
923	567	371
923	567	940
923	740	892
923	937	407
923	937	638
923	937	639
923	937	650
924	814	323
924	814	354
924	814	398
924	814	775
924	814	982
927	540	208
927	540	214
928	434	202
929	540	333
929	540	436
932	276	322
932	276	385
932	276	472
932	304	875
932	304	888
932	681	201
937	765	443
937	765	547
937	937	881
938	217	275
938	217	889
938	812	442
938	812	531
93901	863	572
93902	239	250
93902	239	344
93902	239	434
93902	239	682
93902	239	745
93902	239	937
93902	941	559
949	336	879
949	910	281
949	910	288
949	910	298
949	910	483
949	910	588
949	910	765
949	910	797
949	919	548
951	252	203
951	252	217
951	252	241
951	252	598
951	252	858
951	252	920
951	252	935
951	919	939
952	727	252
952	727	266
952	727	289
952	727	346
952	727	362
952	727	403
952	727	591
952	727	796
952	727	864
952	813	239
952	813	246
952	813	303
952	813	373
952	813	388
952	813	504
952	813	638
952	813	675
952	813	781
952	813	843
952	813	881
952	813	921
952	813	926
952	863	944
952	863	949
952	941	207
952	941	441
952	941	727
952	941	795
952	941	921
952	941	954
953	850	518
953	850	617
953	850	721
956	276	200
956	276	203
956	276	233
956	276	447
956	276	637
956	276	696
956	423	652
956	423	793
958	402	405
958	402	461
958	402	535
958	402	601
958	402	723
958	402	756
958	402	772
958	402	793
958	402	849
958	402	883
958	402	908
958	402	969
958	712	973
958	785	237
960	208	215
960	208	444
960	208	661
960	208	712
960	406	296
960	406	334
960	509	446
960	509	872
961	325	220
961	325	237
961	325	805
973	760	200
973	760	770
973	760	905
974	585	392
974	585	533
974	585	657
976	217	382
976	217	518
976	217	774
976	217	797
976	217	810
976	217	849
976	217	925
976	217	994
977	217	847
977	217	852
977	309	325
977	309	483
978	618	584
978	618	673
978	618	728
978	618	966
978	618	968
980	928	658
981	435	444
981	435	727
99999	207	700
99999	248	999
99999	254	955
99999	307	950
99999	318	972
99999	325	555
99999	347	718
99999	352	305
99999	352	959
99999	413	413
99999	424	959
99999	432	555
99999	443	958
99999	515	950
99999	516	970
99999	606	555
99999	609	958
99999	614	976
99999	619	555
99999	684	685
99999	705	950
99999	718	550
99999	719	555
99999	754	959
99999	808	360
99999	809	976
99999	859	555
99999	906	950
99999	908	732
99999	914	910
99999	973	554
99999	973	555
