201	242	9206
201	257	7421
201	318	7142
201	348	9206
201	385	9206
201	416	7142
201	442	7421
201	450	4036
201	603	4145
201	743	7134
201	814	9206
201	863	9206
201	868	9206
201	924	4036
201	983	8734
202	208	9211
202	250	8831
202	275	9211
202	289	9211
202	335	2640
202	364	9211
202	370	2801
202	386	4725
202	428	1369
202	443	4249
202	451	2739
202	455	1972
202	536	2695
202	559	6117
202	561	9211
202	583	9211
202	621	5977
202	660	6402
202	680	9211
202	742	4093
202	969	2554
203	404	9841
203	439	7077
203	460	7421
203	529	7421
203	542	7421
203	669	3493
203	828	3493
203	892	6624
203	910	6388
203	930	3493
203	935	3493
203	939	4950
203	951	7143
204	246	8088
204	328	8088
204	337	8088
204	363	8088
204	394	8088
204	425	8088
204	426	8088
204	802	991B
204	854	8088
204	881	5643
204	967	8088
204	992	8088
205	233	6232
205	271	7327
205	284	6862
205	355	2741
205	363	6804
205	371	0307
205	398	0284
205	457	4260
205	466	0300
205	472	0316
205	491	9419
205	536	0173
205	559	0282
205	596	0301
205	619	5994
205	625	0312
205	669	9419
205	679	9419
205	697	0311
205	702	0302
205	748	1417
205	783	9419
206	210	4395
206	229	6529
206	278	4715
206	316	500F
206	353	6529
206	402	663D
206	795	5812
206	797	9638
206	802	7274
206	897	9638
206	992	6010
207	225	0019
207	268	0015
207	269	0010
207	275	9924
207	317	9356
207	334	0007
207	371	5111
207	391	501D
207	397	0024
207	434	0034
207	445	0004
207	518	805E
207	547	3313
207	568	0029
207	571	4287
207	578	6386
207	591	3754
207	638	0027
207	654	0024
207	677	3311
207	680	4121
207	686	4285
207	693	3312
207	700	MULT
207	727	0022
207	763	0003
207	772	5111
207	787	0025
207	826	3315
207	925	3316
207	926	0020
207	928	3316
208	215	4584
208	241	6565
208	276	2230
208	299	2219
208	328	4427
208	360	6565
208	361	7511
208	364	9636
208	370	9805
208	391	6010
208	404	6664
208	414	3268
208	434	2231
208	444	6614
208	451	5027
208	452	2221
208	559	5869
208	564	2295
208	566	5221
208	574	2295
208	583	2390
208	592	9804
208	604	6565
208	612	3436
208	621	3052
208	636	2226
208	643	7558
208	652	2222
208	656	9636
208	661	6565
208	697	6565
208	707	3319
208	712	3052
208	741	5027
208	778	2227
208	824	2213
208	833	3804
208	867	6010
208	878	3816
208	894	2218
208	942	2235
209	247	6010
209	296	2343
209	337	4553
209	371	7128
209	376	2322
209	387	4420
209	419	6696
209	525	9740
209	538	9740
209	706	6906
209	722	9740
209	928	2342
210	496	9533
210	522	9533
210	529	6757
210	558	9533
210	569	6506
210	617	9533
210	662	9533
210	735	9533
210	813	6630
210	824	9533
210	837	6534
210	844	6534
212	237	9104
212	244	9104
212	332	9104
212	364	8473
212	469	9104
212	474	9104
212	547	7229
212	638	9104
212	724	9104
212	798	7421
212	990	8667
213	235	4733
213	278	6664
213	307	9748
213	347	9740
213	356	9740
213	764	7534
213	974	9740
214	208	6534
214	308	6590
214	331	9533
214	359	6630
214	491	9533
214	510	6630
214	520	9533
214	600	6534
214	626	4344
214	639	6538
214	697	6534
214	750	9533
214	798	6630
214	894	6860
214	951	9533
215	320	7757
215	325	8483
215	381	9208
215	399	7434
215	430	9208
215	494	7341
215	522	6630
215	552	9208
215	588	4036
215	625	9208
215	644	9208
215	661	9208
215	701	8756
215	710	7421
215	736	9208
215	786	9208
215	893	9208
216	222	9321
216	235	6529
216	483	6011
216	588	7520
216	663	9321
216	986	9321
217	248	6265
217	249	4234
217	275	1015
217	283	1000
217	382	1065
217	457	1055
217	476	0984
217	482	1183
217	518	8721
217	631	6115
217	647	0976
217	660	6232
217	666	9329
217	768	1038
217	774	1037
217	794	1015
217	796	1061
217	797	1011
217	810	8721
217	828	6534
217	829	1015
217	833	1015
217	841	6232
217	847	1183
217	849	1000
217	852	1183
217	853	6333
217	873	1060
217	889	0990
217	925	1058
217	982	5451
217	994	3808
218	246	1451
218	331	6084
218	440	719F
218	451	5816
218	482	1374
218	545	8762
218	564	1501
218	600	322E
218	682	1350
218	685	1475
218	692	1499
218	738	1431
218	743	1453
218	747	1450
218	756	1383
218	763	1387
218	780	6534
218	863	1443
218	867	1474
218	962	1391
218	987	4814
218	995	1512
219	253	0790
219	345	0800
219	683	6483
219	697	8654
219	778	0772
219	789	6725
219	809	1798
219	828	0832
224	209	6534
224	223	701E
224	542	9329
224	757	7607
225	282	8994
225	286	4618
225	387	9419
225	608	6853
225	625	0441
225	667	9419
225	701	6790
225	717	6214
225	777	0440
225	803	6664
225	874	9419
226	228	8821
226	400	154E
228	210	6630
228	264	6396
228	287	8071
228	295	8660
228	327	6214
228	380	6396
228	395	4664
228	424	6664
228	547	6664
228	641	9419
228	691	6735
228	883	6630
228	931	8640
229	240	6145
229	334	9419
229	390	9161
229	418	6298
229	518	6116
229	519	5156
229	588	6214
229	695	718F
229	723	0364
229	729	6744
229	848	6214
229	921	6540
231	223	0720
231	269	0704
231	343	6664
231	384	6003
231	448	0677
231	585	0721
231	607	6630
231	676	6534
231	760	0695
231	762	0732
231	792	2550
231	867	0671
231	902	4632
231	947	9323
234	207	6534
234	400	6025
234	575	516C
234	595	2687
239	250	6214
239	344	0341
239	434	0341
239	682	6214
239	745	5562
239	937	6906
240	246	8832
240	260	8992
240	362	9212
240	366	7421
240	389	7061
240	391	6050
240	406	0822
240	425	5245
240	436	4749
240	452	7849
240	625	6232
240	767	4820
240	783	8605
240	821	5966
240	857	7591
240	865	6119
240	920	6119
242	456	8903
246	232	8904
246	251	8904
246	274	8904
246	437	8904
246	537	059B
248	330	6003
248	508	6003
248	523	9748
248	610	6630
248	613	6534
248	753	9323
248	779	4044
248	864	3074
248	901	9323
248	945	9323
248	966	6630
248	981	6664
248	999	9323
249	878	8303
250	210	8301
250	301	6574
250	317	8821
250	338	8086
250	376	8086
250	429	8086
250	618	8821
250	627	8082
250	648	8086
250	767	8086
250	780	8086
250	791	8086
250	851	8086
250	909	497E
250	965	8086
250	999	154E
251	217	4936
251	249	4615
251	418	5255
251	445	9826
251	586	9236
251	600	773F
251	638	4864
251	647	6232
251	648	6664
251	650	4936
251	676	6031
251	771	9419
251	865	9789
251	966	0285
252	203	8645
252	217	6282
252	241	6324
252	429	864F
252	598	3766
252	858	8735
252	920	7229
252	935	0505
253	241	6010
253	302	5812
253	925	9638
254	248	2084
254	352	6746
254	623	1163
254	639	2060
254	641	0132
254	661	6114
254	699	2114
254	728	2105
254	876	9533
254	955	9533
254	999	0821
256	201	6214
256	215	9419
256	288	9419
256	329	9419
256	360	0286
256	375	6214
256	394	7475
256	417	5255
256	512	9419
256	514	6885
256	586	0283
256	633	5715
256	643	0314
256	670	6232
256	676	7469
256	728	0308
256	752	6859
256	785	8713
256	804	6859
256	906	5255
260	235	6725
260	350	6725
260	421	0772
260	691	0832
260	694	0751
260	909	6629
262	296	0848
262	301	6745
262	337	6534
262	389	6508
262	427	7767
262	514	0952
262	539	0856
262	624	623D
262	626	0886
262	736	0946
262	743	0955
262	882	7747
264	222	8901
267	200	4993
267	286	3210
267	307	6626
267	488	4153
267	652	5494
267	690	8700
267	699	5493
267	851	3806
268	773	8902
269	205	0975
269	238	2518
269	369	6664
269	466	0681
269	491	6003
269	521	0679
269	548	6003
269	588	6276
269	668	0695
269	721	0676
269	727	8685
269	731	0672
269	746	0688
269	751	0695
269	989	6789
270	201	6232
270	215	4369
270	238	9419
270	260	6811
270	261	4369
270	274	9419
270	334	0396
270	346	4240
270	356	7421
270	369	9690
270	379	0401
270	414	6752
270	422	0398
270	556	6214
270	571	3986
270	578	3994
270	618	4001
270	629	5620
270	637	4211
270	656	2466
270	697	9419
270	728	0413
270	772	3106
270	885	9419
270	910	3786
270	988	0417
276	200	7185
276	203	8945
276	229	8825
276	233	6283
276	251	0254
276	322	4337
276	385	6822
276	447	3185
276	472	0220
276	479	0248
276	637	4511
276	673	0254
276	696	4511
281	246	2091
281	282	9533
281	343	9533
281	391	2072
281	398	9533
281	421	4344
281	475	6506
281	505	6630
281	531	9533
281	580	9533
281	587	9533
281	668	7239
281	805	6033
281	820	9533
281	881	6506
281	908	6534
281	939	6630
281	982	7229
284	440	4537
284	468	4537
284	495	8906
289	439	6574
289	479	4727
289	500	383F
289	599	464D
289	629	464D
301	299	9212
301	328	107D
301	362	9212
301	494	9212
301	586	9212
301	690	228C
301	694	9212
301	706	6395
301	859	6119
301	918	9212
302	254	7968
302	306	4640
302	346	7968
302	384	016D
302	412	2961
302	448	5493
302	506	0055
302	624	4276
302	643	7757
302	645	9210
302	650	2696
302	668	5580
302	683	9210
302	685	4012
302	824	6393
302	827	7309
302	918	7757
303	276	8287
303	289	9636
303	396	3044
303	558	8465
303	588	6010
303	622	2207
303	769	2181
303	836	6907
303	849	2202
303	872	6118
303	965	9636
303	973	9636
303	982	9636
304	217	2704
304	244	6940
304	246	4606
304	371	2704
304	398	8938
304	427	2521
304	432	0270
304	441	6232
304	468	3866
304	520	8938
304	530	8012
304	554	545B
304	559	9214
304	560	6878
304	567	0257
304	631	6597
304	643	0267
304	673	4036
304	693	9214
304	694	6284
304	718	6992
304	724	0270
304	730	6394
304	808	4601
304	824	0256
304	839	8938
304	875	0258
304	888	4036
304	953	6664
305	269	9417
305	333	6214
305	500	9417
305	565	6911
305	617	6548
305	648	9417
305	865	9417
305	890	6889
305	908	8664
306	221	9868
306	423	8091
306	464	8091
306	578	8303
306	636	8091
306	820	8091
306	874	8091
306	980	9868
307	230	6886
307	234	9636
307	235	9636
307	271	9416
307	353	2214
307	365	6010
307	367	2299
307	422	2289
307	444	3880
307	497	2290
307	543	9636
307	586	7466
307	643	9631
307	645	2250
307	729	4600
307	765	3411
307	836	4531
307	849	9636
307	867	2296
307	878	2251
307	950	MULT
308	203	753E
308	212	5807
308	228	1518
308	244	3410
308	313	9764
308	362	1530
308	368	1561
308	375	1557
308	397	1597
308	445	9636
308	453	1659
308	468	1574
308	582	1562
308	637	3844
308	643	1532
308	652	1826
308	682	1537
308	694	4635
308	697	1526
308	726	1567
308	947	6874
308	990	6015
309	219	6265
309	225	6579
309	238	5272
309	272	2978
309	325	1047
309	367	1053
309	483	1066
309	521	0983
309	526	1067
309	527	1004
309	596	1087
309	613	6232
309	747	1023
309	771	8721
309	778	1054
309	838	6333
309	935	1029
309	949	1016
310	272	6232
310	506	2319
310	539	9740
310	593	8782
310	641	9740
310	674	9740
310	694	6010
310	775	8826
310	863	6232
310	886	9740
310	943	7379
312	206	6534
312	265	5447
312	267	9329
312	276	8950
312	357	9329
312	419	9329
312	423	7721
312	475	9329
312	488	9406
312	573	9329
312	710	9329
312	797	9329
313	217	6630
313	390	9323
313	436	9323
313	521	9323
313	528	111D
313	659	9323
313	709	9748
313	876	9323
314	291	9533
314	761	6664
314	852	6534
315	247	4036
315	282	4107
315	324	0081
315	336	9104
315	337	9104
315	365	0118
315	367	6127
315	403	7989
315	489	6664
315	498	9104
315	541	7197
315	548	0112
315	639	0129
315	643	4079
315	656	9104
315	697	9104
315	702	4107
315	865	0111
315	867	9104
315	869	7130
315	892	0106
316	200	6534
316	771	7187
316	822	6870
317	298	9325
317	333	472B
317	373	6534
317	456	6232
317	533	3768
317	660	7060
317	694	6725
317	892	0777
317	903	6725
317	942	2548
318	229	6214
318	244	0436
318	245	6505
318	246	0427
318	278	6214
318	333	6662
318	361	9419
318	373	6922
318	381	6505
318	382	9419
318	391	6842
318	465	6505
318	558	6505
318	563	9419
318	568	516C
318	571	1727
318	579	6505
318	633	9419
318	670	9419
318	874	0435
318	894	0439
318	908	8809
318	972	9419
318	992	0423
319	201	6232
319	228	1320
319	237	2842
319	256	1166
319	276	1115
319	279	1278
319	329	6570
319	332	649D
319	342	1220
319	392	1147
319	439	1217
319	446	1101
319	453	1173
319	456	1178
319	465	9631
319	479	1162
319	482	1238
319	490	6753
319	494	1319
319	527	4650
319	591	6232
319	625	1298
319	627	1332
319	638	1266
319	646	1329
319	656	1214
319	664	1257
319	667	1247
319	683	1293
319	685	1139
319	696	1178
319	741	4189
319	788	9129
319	822	1153
319	824	1170
319	825	3614
319	827	1171
319	851	1269
319	854	1302
319	857	1304
319	861	9631
319	868	1250
319	892	8474
319	935	1156
320	222	0999
320	234	1409
320	239	1487
320	283	1423
320	284	1475
320	289	9631
320	290	5816
320	294	1356
320	296	6664
320	362	5816
320	461	447D
320	490	1226
320	524	1396
320	548	1430
320	573	1494
320	593	4602
320	655	0950
320	745	1373
320	765	1476
320	793	1390
320	796	1433
320	805	5816
320	845	1347
320	847	1370
320	877	1123
320	982	2630
321	223	6664
321	329	8105
321	348	7131
321	537	6214
321	765	7857
323	265	9740
323	280	6906
323	490	7240
323	557	7718
323	606	7262
323	666	9740
323	698	9740
323	812	899D
323	820	9740
325	220	6534
325	233	6820
325	237	5499
325	555	MULT
325	576	9533
325	805	6114
330	271	6534
330	318	7443
330	391	6529
330	444	6630
330	488	9321
330	606	6025
330	646	6534
330	656	0666
330	660	9748
330	687	6534
330	772	0661
330	804	2607
330	817	8070
330	850	8638
330	891	6630
330	895	0651
330	973	9321
331	200	6529
334	345	6804
334	400	6710
334	408	5255
334	434	6664
334	456	6214
334	548	0299
334	558	9236
334	562	0305
334	564	516C
334	625	072F
334	644	0371
334	663	6664
334	682	4464
334	699	3914
334	702	9788
334	756	0324
334	779	0404
334	814	0295
334	863	0317
334	982	9417
336	207	6324
336	230	9417
336	234	0485
336	256	9417
336	284	0511
336	368	0471
336	371	0503
336	677	5418
336	742	8735
336	748	9417
336	752	0497
336	778	9417
336	817	6324
336	879	0496
336	883	0491
336	973	0510
336	993	0470
337	222	6664
337	328	0430
337	504	492D
337	529	6214
337	534	9002
337	538	0425
337	588	0434
337	656	7421
337	667	0424
337	685	0428
337	782	4930
337	969	4631
337	993	9419
339	219	8924
339	235	6387
340	201	6214
340	772	3300
340	884	6915
343	359	2782
345	222	8907
347	221	6622
347	249	6622
347	295	6622
347	386	6232
347	426	8340
347	506	6622
347	588	7059
347	628	6959
347	718	MULT
347	719	997E
347	778	997E
347	862	7126
351	201	6664
352	202	6617
352	305	9417
352	389	4616
352	469	018A
352	494	6232
352	507	4802
352	582	7535
352	959	MULT
360	221	2452
360	238	2427
360	278	2446
360	290	6630
360	345	5781
360	359	7421
360	448	7172
360	473	9638
360	478	9638
360	484	2451
360	494	2408
360	499	7485
360	601	5812
360	628	7455
360	656	7146
360	662	9638
360	697	4521
360	702	4131
360	826	4423
360	847	8294
360	864	2447
360	877	9638
360	879	2431
360	885	9638
360	894	2453
360	898	2419
360	915	1488
360	982	8746
360	985	2430
361	264	5714
361	294	2134
361	687	8073
361	764	6590
361	771	2076
361	792	6114
361	799	6664
361	874	2103
361	996	776A
385	200	117F
385	244	117F
385	282	3231
386	226	9417
386	231	9417
386	450	4825
386	623	6232
386	740	9417
401	239	4016
401	272	9102
401	288	7351
401	299	4159
401	371	4016
401	402	3460
401	500	6389
401	592	8778
401	627	4580
401	643	4029
401	656	4054
401	778	4580
401	925	6630
402	237	851A
402	244	1586
402	247	1785
402	248	1746
402	254	1556
402	294	7144
402	405	8632
402	412	7021
402	439	1592
402	451	9631
402	461	1568
402	482	1565
402	535	1531
402	550	9631
402	567	1563
402	582	1582
402	598	6664
402	599	9631
402	601	0822
402	632	1576
402	667	9631
402	695	9631
402	718	5807
402	723	1559
402	756	1553
402	772	1568
402	774	1686
402	793	1540
402	849	1555
402	883	1591
402	891	9631
402	908	8731
402	918	7816
402	931	1517
402	969	5807
402	982	9597
402	993	1128
403	202	8084
403	306	8377
403	471	8821
403	558	8084
403	697	2933
403	756	8084
403	776	8506
403	874	8301
404	375	6214
404	456	6232
404	464	8392
404	582	9417
404	634	9417
405	391	2006
405	457	1995
405	616	9533
405	659	6534
405	690	6630
405	778	6534
405	886	0822
405	910	9671
406	271	3924
406	296	4322
406	334	6010
406	346	8140
406	384	4222
406	451	6034
406	475	9636
406	532	7870
406	559	6564
406	616	607D
406	635	7830
406	643	607D
406	662	9636
406	689	2254
406	715	913F
406	733	2255
406	741	2241
406	852	6564
406	877	1638
406	882	2242
406	964	9636
406	972	1689
406	981	6783
406	982	2249
407	225	6951
407	438	9417
407	458	9417
407	624	4802
407	713	6615
407	770	4085
407	777	018A
407	791	6664
407	798	4616
407	808	6214
407	857	9417
407	903	9417
407	910	4802
407	919	7533
407	921	6214
408	222	7128
408	227	9740
408	281	9740
408	313	6006
408	342	9740
408	380	8322
408	414	7262
408	443	6950
408	718	6010
408	808	9740
408	841	8827
408	845	9740
408	904	7145
408	968	6232
409	213	6114
409	498	6664
409	643	9533
409	783	9533
410	434	6630
410	622	7228
410	658	0216
410	773	9212
410	835	9212
410	866	9212
410	913	6395
412	201	9208
412	297	7229
412	315	7421
412	357	4007
412	364	9208
412	518	6392
412	538	7315
412	567	4007
412	595	7978
412	745	7820
412	766	9208
412	850	2522
413	262	6387
413	306	4018
413	357	9102
413	367	9102
413	413	MULT
413	464	8942
413	467	0036
413	728	8700
413	738	0084
414	221	9327
414	329	9327
414	576	6837
414	755	7979
414	855	9327
415	235	6664
415	252	9740
415	271	6006
415	410	7453
415	442	9740
415	525	9262
415	647	9740
415	663	9740
415	809	6630
415	848	7145
415	859	6232
415	982	9740
416	283	8051
416	320	8303
416	469	8051
416	599	8051
416	649	8304
416	670	8821
416	824	5643
417	204	6664
417	238	9533
417	277	1936
417	341	1142
417	353	6232
417	388	6534
417	436	1886
417	452	1920
417	472	1887
417	521	7594
417	613	2894
417	628	1908
417	680	7218
417	684	6534
417	707	142C
417	749	1893
417	887	9533
417	893	993E
417	935	9786
417	966	1900
418	384	8306
418	389	8083
418	432	6574
418	483	8208
418	484	8233
418	486	8219
418	499	8050
418	567	8083
418	584	8083
418	588	8235
418	650	8050
418	681	8050
418	733	8083
418	780	2243
418	834	8050
418	848	8050
418	886	8083
418	944	6574
418	988	8306
419	202	6025
419	228	0661
419	236	6025
419	267	0654
419	344	6025
419	366	6025
419	373	0615
419	387	0662
419	398	0590
419	400	9133
419	423	9321
419	453	0650
419	459	4418
419	532	0625
419	594	0645
419	596	0607
419	613	2094
419	646	0663
419	652	0644
419	659	0604
419	717	7608
419	729	9321
419	748	0598
419	758	0612
419	802	9748
419	822	0665
419	873	9321
419	879	7013
419	894	0585
419	899	0656
419	926	0627
419	939	0589
423	222	6864
423	238	0574
423	261	0578
423	275	6435
423	387	6704
423	627	0565
423	652	4510
423	709	4622
423	793	8318
423	877	9419
423	881	0554
423	973	4806
424	236	6010
424	254	7262
424	265	981E
424	731	6006
424	959	MULT
425	312	627B
425	341	4272
425	471	6232
425	890	5812
425	956	4324
430	200	6664
430	973	6726
432	214	6114
432	297	1163
432	398	2168
432	555	MULT
432	607	3282
432	688	9533
434	202	7773
434	538	0254
434	656	0244
434	689	0219
434	821	9213
434	830	8825
434	849	9213
434	850	0445
434	993	9213
435	272	8744
435	292	613D
435	444	4146
435	528	2279
435	613	1190
435	675	9636
435	727	4451
435	738	2287
435	743	4429
435	747	4611
435	748	2278
435	750	9636
435	782	2288
435	946	3032
438	274	6574
438	874	8303
440	231	6529
440	294	0661
440	319	6529
440	342	8711
440	379	8638
440	390	6529
440	398	3701
440	519	9321
440	571	9321
440	574	6664
440	578	3586
440	627	7163
440	633	9321
440	685	0649
440	963	0630
441	237	8905
441	492	8847
441	523	565B
441	526	565B
441	527	565B
441	591	565B
441	717	4034
441	734	4034
441	753	4034
441	756	4034
442	222	8886
443	247	2554
443	314	6664
443	326	4036
443	330	3910
443	360	7325
443	401	6395
443	403	8864
443	412	7325
443	464	9170
443	479	9212
443	521	6395
443	556	9212
443	623	6232
443	629	6664
443	693	7325
443	697	2554
443	853	6395
443	958	MULT
443	964	6119
443	982	281E
450	262	4727
450	265	8050
450	271	8303
450	429	8050
450	520	4727
450	535	8242
450	549	8241
450	583	8050
450	652	8050
450	714	8306
450	717	8306
450	791	8239
450	884	8050
450	894	8254
450	896	5643
450	956	8306
450	994	8306
458	200	7531
458	205	7537
469	224	8833
469	303	7726
469	348	7982
469	632	4938
469	682	6529
469	721	3518
469	775	4938
469	791	9533
470	213	6664
470	253	8758
470	313	6540
470	385	4893
473	269	8910
473	457	8910
475	201	5562
478	212	6866
478	294	6540
478	297	6540
478	325	6678
478	589	0377
478	628	0395
478	736	6771
478	867	6298
478	892	0369
479	205	8870
479	229	1142
479	238	1143
479	286	7656
479	439	5179
479	495	1734
479	559	1709
479	733	2688
479	822	1866
479	824	1718
479	922	5018
479	947	1710
479	986	9533
480	253	7552
480	335	0822
480	471	9636
480	537	2524
480	646	347G
480	962	9636
484	348	7757
484	358	6626
484	464	4007
484	568	3210
484	616	2514
484	635	6664
484	744	6626
501	303	9533
501	384	1697
501	395	6591
501	397	1720
501	401	8372
501	592	1692
501	627	9533
501	643	7097
501	843	1144
502	233	4369
502	274	3583
502	279	6595
502	291	365C
502	298	365C
502	335	2466
502	352	0706
502	391	2466
502	429	9419
502	476	7234
502	542	6500
502	679	4165
502	772	9419
502	806	5672
502	908	0402
503	262	9638
503	266	2362
503	292	9638
503	322	4520
503	368	2387
503	382	7531
503	385	7531
503	394	2397
503	448	8629
503	483	3234
503	518	2359
503	549	8656
503	586	4271
503	631	2363
503	633	2396
503	674	4323
503	687	4697
503	693	4323
503	759	2383
503	762	9638
503	792	2373
503	824	2364
503	825	7531
503	827	9638
503	845	2386
503	874	4323
503	900	936F
503	930	5820
503	994	611D
504	208	3232
504	277	9419
504	450	6214
504	540	6630
504	667	3232
504	833	9419
504	842	9419
504	931	150C
505	272	9636
505	333	9636
505	344	9636
505	371	4450
505	480	6529
505	583	1193
505	603	6010
505	782	2274
505	884	9636
505	939	6749
505	968	6756
506	253	8303
506	427	8303
506	604	743B
506	661	8090
506	832	8090
507	258	6273
507	265	1338
507	359	1442
507	365	1412
507	367	1454
507	371	4768
507	392	1109
507	437	9631
507	439	1483
507	472	1419
507	493	1421
507	542	1346
507	548	1651
507	549	1375
507	586	719F
507	613	2474
507	647	1508
507	691	8727
507	692	1372
507	695	1381
507	723	1502
507	725	6169
507	732	1515
507	744	1422
507	754	1408
507	777	1510
507	787	1384
507	845	1426
507	878	1440
507	962	1406
508	225	7031
508	321	6101
508	418	8700
508	744	7421
508	779	293C
508	792	9102
508	883	9102
508	952	7135
508	987	9102
509	304	6664
509	446	2418
509	532	9638
509	549	2437
509	552	6664
509	648	2442
509	673	2410
509	676	4718
509	698	2412
509	733	6010
509	747	9638
509	764	9638
509	772	1484
509	796	2408
509	872	4321
509	880	6605
510	260	7610
510	385	6232
510	654	9740
510	697	6010
510	710	6010
510	715	6232
510	784	9740
510	828	6006
510	875	7262
510	877	7240
512	316	3456
512	336	9533
512	399	6630
512	450	9533
512	503	5471
512	584	6529
512	682	7516
512	772	6114
512	853	8958
513	267	6025
513	441	6025
513	598	9348
513	605	9348
513	785	9348
513	875	0613
513	925	9348
514	213	6574
514	240	8821
514	441	8821
514	529	8050
514	674	8306
514	752	8306
514	830	8303
514	983	8821
515	327	9631
515	362	9631
515	367	1167
515	371	6570
515	384	1212
515	388	1167
515	395	9900
515	438	1158
515	532	9631
515	548	1225
515	605	7094
515	639	985E
515	677	1245
515	769	1205
515	770	6529
515	783	6664
515	825	1188
515	826	1303
515	836	1157
515	838	1305
515	839	1342
515	889	1179
515	899	1277
515	924	1310
515	950	MULT
515	987	9631
515	999	9631
516	221	9104
516	239	9104
516	299	9104
516	304	6622
516	457	6959
516	569	9104
516	649	6630
516	665	7126
516	722	2612
516	742	9104
516	837	7126
516	875	4579
516	892	0059
516	970	7353
517	286	0734
517	383	4417
517	386	7157
517	391	7421
517	436	0725
517	443	0714
517	447	0691
517	625	0726
517	756	6120
517	883	528A
517	899	6003
517	912	3535
517	920	4632
518	215	532D
518	230	6630
518	241	7197
518	267	7197
518	296	0105
518	327	0072
518	387	9104
518	399	9104
518	414	6959
518	580	9104
518	597	0085
518	756	0125
518	784	0073
518	831	4152
518	873	9104
518	887	0116
518	962	0079
518	968	1941
518	982	0065
519	233	8240
519	238	8214
519	349	8203
519	353	8205
519	367	8245
519	395	8215
519	401	6574
519	455	8051
519	456	8216
519	573	8821
519	592	8202
519	595	8223
519	632	8051
519	778	8819
519	789	2776
519	828	8231
519	839	8212
519	841	8821
519	848	8051
519	849	8204
519	861	8819
519	910	8226
519	943	8051
520	202	7552
520	314	3285
520	391	8393
520	471	6572
520	547	7349
520	548	6010
520	796	2179
530	200	6010
530	286	2321
530	367	2318
530	467	2339
530	500	103G
530	573	9740
530	615	6529
530	642	9740
530	652	7379
530	698	7379
530	745	9740
530	787	9740
530	870	6232
530	881	252F
530	946	2360
534	220	516C
539	225	7192
540	205	6664
540	208	7421
540	214	4979
540	262	9213
540	333	6827
540	363	0239
540	395	5832
540	436	0250
540	474	0237
540	559	127G
540	659	0233
540	736	8357
540	747	0226
540	763	0225
540	798	6827
540	839	0253
540	864	3029
540	925	0238
540	966	0249
541	215	5820
541	262	9638
541	272	6010
541	323	9627
541	336	9638
541	338	9638
541	346	9638
541	347	4323
541	384	2377
541	401	5820
541	436	9231
541	448	2389
541	449	9638
541	457	2376
541	518	5014
541	522	3304
541	571	6349
541	592	3401
541	629	2392
541	653	862D
541	667	9638
541	669	8738
541	741	9638
541	823	9638
541	828	2404
541	847	2385
541	873	611D
541	925	2393
541	982	6349
551	200	6391
559	296	7718
559	297	9740
559	332	2319
559	355	6010
559	390	748D
559	443	9740
559	606	6906
559	635	9740
559	636	9740
559	713	9740
559	715	7379
559	751	7379
559	782	9740
559	850	2313
559	877	2332
559	924	9740
559	933	8826
559	961	7379
561	224	6630
561	272	9417
561	290	6502
561	291	6502
561	457	9748
561	522	7635
561	613	4085
561	694	9417
561	902	6100
561	989	9417
562	231	7453
562	343	7240
562	359	6906
562	361	4733
562	375	8826
562	405	7421
562	488	8591
562	496	2319
562	506	7240
562	645	8690
562	665	6006
562	693	2319
562	997	2319
563	225	1125
563	246	1160
563	426	1106
563	427	1199
563	432	1241
563	437	1222
563	452	1130
563	485	1265
563	486	1229
563	487	1121
563	488	1343
563	492	1485
563	536	1230
563	559	6232
563	672	1097
563	673	1107
563	682	1242
563	686	1118
563	689	1276
563	732	1336
563	737	1424
563	745	1345
563	826	1229
563	843	1150
563	847	1191
563	849	8939
563	864	1274
563	883	1404
563	928	1167
563	941	4245
563	942	4796
567	253	664A
567	260	5956
567	267	6460
567	286	6460
567	298	6232
567	331	215F
567	371	8168
567	429	7608
567	435	2607
567	940	0640
570	230	4024
570	240	6232
570	262	4036
570	420	9208
570	439	6392
570	454	9208
570	467	0178
570	530	3806
570	559	0201
570	673	0152
570	680	4810
570	682	0161
570	685	0177
570	725	0206
570	749	3806
570	755	6664
570	756	0191
570	793	6664
570	797	0183
570	832	5125
570	879	0161
570	916	4036
570	918	8739
570	937	0204
570	944	8739
570	966	0151
571	226	9213
571	228	4036
571	234	5244
571	246	6232
571	271	5832
571	283	6232
571	296	4036
571	333	3149
571	366	4036
571	382	9213
571	612	6827
571	641	8830
571	765	6827
573	237	1882
573	238	9533
573	249	1876
573	254	1901
573	277	9748
573	319	4932
573	331	9533
573	341	1811
573	357	0463
573	382	6534
573	426	3275
573	437	1882
573	461	1874
573	475	9533
573	538	554A
573	587	6664
573	647	6664
573	677	3356
573	720	9533
573	743	1949
573	784	9533
573	835	1927
573	840	9533
573	859	9785
573	884	9784
573	985	1928
574	224	0815
574	306	4803
574	321	6277
574	371	0832
574	566	0772
574	595	0813
574	598	4552
574	652	0744
574	721	6277
574	832	0797
574	867	0832
574	889	0772
575	226	2350
575	238	5368
575	274	2272
575	323	9658
575	343	6573
575	358	3333
575	365	2270
575	375	2259
575	387	2263
575	391	1164
575	433	3798
575	446	9636
575	451	2016
575	455	5736
575	464	1231
575	548	2176
575	574	9636
575	578	5470
575	682	2265
575	741	6010
575	817	0972
575	849	2262
575	914	6010
575	981	4433
579	237	2243
580	265	2010
580	271	6272
580	338	2016
580	391	3070
580	437	2029
580	445	6534
580	448	9533
580	467	6272
580	529	2008
580	537	2018
580	620	3533
580	637	1976
580	659	428A
580	675	2025
580	690	4196
580	743	9533
580	790	9732
580	794	6534
580	837	2016
580	864	2018
580	924	9533
580	933	2032
580	981	2017
581	208	817D
581	240	247F
581	243	247F
581	257	247F
585	206	4152
585	392	0110
585	533	0121
585	657	0122
586	246	6003
586	350	6664
586	421	9323
586	627	4347
586	675	6664
586	684	7701
586	723	4088
586	729	6589
586	741	9323
586	808	6534
586	851	4133
586	860	6630
586	929	6003
587	218	8301
587	246	8084
587	248	8084
587	701	8304
587	727	8821
601	210	6937
601	323	6214
601	363	4664
601	466	6214
601	524	6002
601	546	0446
601	612	6923
601	618	6214
601	635	0451
601	735	9419
601	760	6396
601	778	5178
601	845	0453
601	875	516C
601	938	6581
601	942	6214
602	282	7229
602	398	6908
602	417	9636
602	443	1411
602	448	6572
602	466	7229
602	469	6572
602	507	7175
602	624	8293
602	639	6572
602	643	7217
602	689	6572
602	707	7217
602	717	6572
602	916	9636
602	997	9636
603	255	0042
603	265	6889
603	278	0038
603	301	8700
603	360	573F
603	371	4053
603	391	8299
603	432	5113
603	456	0047
603	495	0039
603	504	6290
603	584	4976
603	623	5113
603	630	6386
603	654	0050
603	721	6664
603	774	0043
603	833	6386
603	874	4017
603	896	5113
603	973	6664
604	295	2933
604	341	8301
604	606	8086
604	677	8377
604	727	5643
605	217	7021
605	241	8812
605	246	1669
605	287	1680
605	288	1577
605	337	1670
605	363	1677
605	377	9631
605	384	1660
605	392	1688
605	422	7010
605	439	1685
605	479	1654
605	528	1684
605	533	1631
605	564	1607
605	588	7076
605	595	7421
605	627	9631
605	694	1495
605	697	1650
605	715	6125
605	721	4256
605	724	1640
605	731	9631
605	733	1647
605	741	8281
605	749	3410
605	756	1679
605	763	1649
605	764	7024
605	772	1655
605	809	6569
605	834	1525
605	837	1667
605	844	6534
605	845	1671
605	859	1659
605	892	9631
605	894	1670
605	895	1668
605	934	1642
605	935	1676
605	966	1666
605	967	1653
606	276	6214
606	277	9691
606	306	6214
606	371	6500
606	447	0419
606	479	0408
606	502	9419
606	555	MULT
606	673	0406
606	675	9690
606	743	0414
606	786	9419
606	802	365C
606	852	6879
606	881	6834
606	882	9691
606	926	6595
607	243	0096
607	347	0096
607	356	0071
607	387	0131
607	563	0096
607	637	0099
607	693	0089
608	248	0866
608	272	0913
608	320	6534
608	340	0886
608	376	6837
608	457	0868
608	489	0892
608	509	1750
608	533	0930
608	538	0942
608	567	6664
608	586	0908
608	625	0966
608	637	0967
608	677	1036
608	738	0895
608	748	1183
608	762	0847
608	763	0880
608	766	0849
608	796	0895
608	833	0881
608	845	0917
608	850	0968
608	930	3043
608	966	0963
608	985	0899
609	218	6391
609	292	9206
609	398	9206
609	503	7229
609	529	4036
609	556	1958
609	653	9206
609	858	2680
609	920	6088
609	958	MULT
610	253	9208
610	274	9208
610	366	9208
610	385	0162
610	577	4024
610	622	9208
610	637	6232
610	693	0169
610	708	7229
610	760	9208
610	794	0175
610	828	9208
610	830	6630
610	836	8347
612	229	6701
612	454	2180
612	468	6809
612	573	9631
612	669	6534
612	825	9631
613	256	8051
613	273	8244
613	346	8051
613	375	8225
613	538	8232
613	582	8227
613	659	8220
613	775	3147
613	833	8051
613	982	6996
614	387	9321
614	443	9321
614	553	4963
614	762	8638
614	799	9321
614	834	9321
614	883	7520
614	887	9321
614	918	7460
614	976	MULT
614	991	4852
615	208	6017
615	241	7236
615	412	9419
615	538	2966
615	572	6278
615	620	8660
615	649	4806
615	655	0573
615	656	8660
615	686	5468
615	727	4265
615	772	2432
615	784	4622
615	835	9419
615	897	0579
615	984	114F
616	235	9323
616	308	6664
616	351	9748
616	430	6003
616	540	6003
616	732	9323
616	742	9323
616	790	6909
616	795	5353
616	890	6232
616	892	0669
616	975	9323
617	243	9102
617	266	9102
617	378	7265
617	485	7421
617	541	9102
617	667	9102
617	677	6083
617	760	9102
617	830	966C
617	851	6387
617	891	6083
617	898	9102
617	905	6664
617	931	9102
618	207	6115
618	237	6867
618	321	9748
618	333	6769
618	334	6534
618	364	7421
618	571	6333
618	584	1012
618	639	1854
618	644	1032
618	673	1088
618	675	0978
618	687	1015
618	728	1024
618	824	1003
618	888	1049
618	935	1026
618	966	0993
618	968	1015
619	228	9740
619	239	9740
619	251	6664
619	307	6010
619	331	7379
619	465	9740
619	555	MULT
620	274	1816
620	294	1831
620	385	1841
620	427	1801
620	429	1756
620	454	6934
620	456	1780
620	476	1833
620	479	1812
620	496	1791
620	582	9533
620	643	1759
620	679	9533
620	697	1764
620	715	7187
620	718	7187
620	765	9533
620	766	6851
620	767	1758
620	782	1847
620	793	9533
620	892	1788
620	897	1809
620	915	4548
623	207	9636
623	455	3285
623	776	9636
626	202	7262
626	217	7421
626	232	6664
626	334	2319
626	347	6010
626	370	7894
626	480	2319
626	633	2319
626	667	7718
626	812	2319
630	341	6333
630	351	9329
630	430	6664
630	513	9329
630	528	5917
630	992	6333
631	220	6622
631	236	7059
631	267	9104
631	395	9104
631	427	9104
631	606	4946
631	679	9104
631	751	9104
631	774	6232
631	788	0095
631	802	0626
631	848	6959
631	953	9104
636	230	9533
636	237	7666
636	434	9533
636	487	4932
636	549	4891
636	818	6751
636	938	9533
641	203	6266
641	243	9877
641	357	1132
641	393	1167
641	447	1094
641	487	1246
641	522	1113
641	586	1123
641	593	1292
641	642	1169
641	664	1129
641	713	3620
641	746	1119
641	749	1172
641	755	1271
641	762	1262
641	765	1209
641	829	1322
641	832	9758
641	864	1203
641	894	1282
641	920	1297
641	948	1358
641	982	1177
646	200	6622
646	257	009B
646	297	9104
646	369	1215
646	448	3751
646	496	7421
646	502	4152
646	562	9104
646	622	6622
646	641	6622
647	377	6574
647	403	8821
647	454	8303
647	455	8303
647	501	8821
647	755	8821
647	789	2782
649	231	8919
650	200	4129
650	290	5562
650	336	9740
650	342	9740
650	404	9740
650	497	9740
650	777	9740
651	659	9631
651	864	9748
657	202	373F
660	213	8953
660	237	1865
660	264	554A
660	345	6155
660	384	6021
660	440	8729
660	446	1935
660	458	1917
660	533	1885
660	564	1885
660	581	1167
660	582	1811
660	595	1811
660	596	6701
660	644	1890
660	674	1860
660	833	4932
660	849	9787
660	874	1931
660	877	1178
660	878	1888
660	892	1914
660	935	1929
660	944	1888
660	984	4401
661	232	4129
661	305	6006
661	514	6950
661	845	9740
662	208	6923
662	216	6214
662	271	4664
662	272	0454
662	309	6917
662	348	0460
662	356	9419
662	365	9419
662	391	5278
662	398	9419
662	412	0447
662	462	0460
662	496	6627
662	569	0466
662	592	5178
662	593	5178
662	651	0467
662	652	0455
662	667	0552
662	676	9419
662	682	0448
662	718	3704
662	724	0461
662	743	5178
662	765	4619
662	768	9419
662	787	1533
662	806	6162
662	839	0457
662	855	5178
662	861	6396
662	865	4724
662	874	3099
662	892	0458
662	972	6109
664	236	8912
664	675	8912
670	237	3700
670	588	4974
670	878	1085
671	483	3922
671	634	3800
671	787	3945
678	237	205B
678	243	7797
678	344	9417
678	349	7490
678	435	8646
678	448	8765
678	475	9417
678	544	6540
678	573	4617
678	576	6214
678	605	4617
678	622	6540
678	666	6116
678	799	0155
678	914	5562
678	925	6214
678	968	6428
678	983	6214
681	200	875F
681	201	489F
681	258	6394
681	892	489F
682	231	9558
682	422	7516
682	459	7087
682	583	6529
682	667	6664
682	738	4938
684	254	1460
684	685	MULT
701	356	4708
701	365	2564
701	384	1630
701	385	1632
701	398	1447
701	402	8282
701	437	1622
701	443	1680
701	453	3303
701	500	6534
701	559	7008
701	597	4413
701	628	1617
701	633	1616
701	634	1674
701	636	3796
701	640	6568
701	660	6534
701	669	1611
701	683	6179
701	687	3065
701	688	2246
701	697	1636
701	736	1662
701	797	1615
701	849	2577
701	883	1681
701	896	1601
701	925	1625
701	952	1799
701	982	2247
701	992	1664
701	998	1509
702	273	2429
702	274	6458
702	308	6458
702	309	7567
702	344	3755
702	345	2356
702	398	2353
702	466	8367
702	469	6458
702	483	215A
702	490	324E
702	535	2200
702	564	2348
702	613	8732
702	640	6832
702	662	6630
702	734	2348
702	776	0822
702	824	9145
702	844	9742
703	243	9213
703	264	9213
703	377	9213
703	491	0233
703	524	9213
703	532	9213
703	554	8357
703	569	9213
703	630	0233
703	643	0233
703	674	8357
703	704	9213
703	718	9213
703	797	4155
703	928	6232
703	956	7229
704	206	511C
704	255	2902
704	308	6664
704	315	6324
704	334	9417
704	448	7674
704	495	6324
704	500	6664
704	557	9417
704	604	6324
704	608	6324
704	631	9417
704	636	9417
704	677	6324
704	757	9417
704	760	8705
704	793	0474
704	817	3235
704	889	0494
705	203	8303
705	271	8206
705	295	8230
705	335	8228
705	440	8051
705	482	4349
705	521	8051
705	630	4878
705	633	8051
705	656	8051
705	675	8051
705	687	8051
705	844	8051
705	866	8051
705	892	8229
705	932	8211
705	950	MULT
705	987	6574
706	240	6946
706	269	0381
706	375	0354
706	376	0368
706	398	0389
706	456	0394
706	475	9417
706	477	3930
706	519	3139
706	538	9417
706	582	0392
706	697	0360
706	730	6702
706	783	0357
706	831	6540
706	841	271E
706	935	0382
706	947	0386
707	232	7379
707	259	9740
707	402	7379
707	485	9740
707	598	8827
707	621	6261
707	671	7262
707	693	9740
707	786	2308
707	792	9740
707	932	6010
707	934	7229
707	995	9740
708	387	9329
708	432	7056
708	455	7765
708	469	7056
708	515	701E
708	540	7607
708	644	6630
708	707	6333
708	724	6664
708	824	9329
708	895	9329
709	237	743B
709	238	743B
709	289	4878
709	341	8820
709	442	8085
709	469	8085
709	891	8085
709	920	8085
712	200	3097
712	213	9955
712	235	5395
712	236	5417
712	246	9631
712	271	1260
712	287	1811
712	330	6570
712	365	1127
712	367	1285
712	373	9631
712	384	1291
712	426	1105
712	434	1273
712	445	1331
712	452	1167
712	463	8593
712	478	1405
712	522	6534
712	551	8708
712	580	3390
712	583	1206
712	586	1174
712	652	1294
712	655	3057
712	663	1335
712	664	1141
712	665	3699
712	682	1123
712	689	1098
712	707	9769
712	722	1252
712	723	1133
712	727	1259
712	733	5361
712	747	1168
712	752	1202
712	764	1237
712	774	1146
712	775	6151
712	778	1195
712	779	1239
712	822	1112
712	824	1301
712	826	1324
712	834	1316
712	836	1327
712	837	1189
712	841	4115
712	847	8639
712	853	1309
712	857	1261
712	858	1307
712	866	1280
712	867	1189
712	868	7215
712	872	845D
712	874	1334
712	886	1213
712	893	4092
712	933	1283
712	957	3112
712	973	1568
712	975	819D
712	986	9631
712	999	4069
713	277	9533
713	318	6630
713	347	8687
713	379	3527
713	398	6664
713	399	8851
713	424	8682
713	437	9533
713	457	7263
713	559	7715
713	564	6839
713	568	9408
713	571	9533
713	579	7074
713	595	7087
713	640	9533
713	697	9533
713	735	9533
713	769	6630
713	770	9533
713	867	9533
713	892	9533
713	901	6630
713	904	438G
713	945	9533
714	299	6010
714	316	8782
714	373	2319
714	374	2319
714	533	9740
714	562	9740
714	565	9740
714	578	9740
714	639	9740
714	661	6664
714	684	8322
714	860	8827
714	960	2319
714	991	9740
715	207	6664
715	235	9327
715	237	0863
715	238	0844
715	263	0865
715	330	6232
715	353	0936
715	365	0870
715	374	0950
715	396	0886
715	398	0924
715	445	0945
715	472	0902
715	508	6692
715	510	3839
715	538	1159
715	552	9327
715	557	6508
715	565	2999
715	568	0850
715	576	6766
715	594	0889
715	625	9759
715	636	9631
715	640	0769
715	643	1155
715	667	0922
715	668	0956
715	669	0959
715	673	0918
715	689	0879
715	693	0915
715	744	3706
715	758	0851
715	778	0953
715	805	7642
715	822	0841
715	824	0843
715	831	9327
715	857	0910
715	863	980F
715	868	0855
715	875	0971
715	905	6508
715	926	0912
715	985	0960
716	216	8937
716	252	0078
716	400	6622
716	401	6664
716	462	6959
716	553	6664
716	556	6630
716	583	6232
716	595	0076
716	673	0091
716	691	9104
716	763	0109
716	826	9104
716	904	4036
716	934	9104
717	218	0209
717	225	0169
717	294	0149
717	308	0169
717	312	0170
717	318	6846
717	333	6846
717	340	8502
717	507	4036
717	532	0209
717	536	0209
717	656	0168
717	659	4036
717	684	0209
717	718	7513
717	733	0165
717	777	9208
717	831	4024
717	852	0169
717	854	0169
717	981	6919
717	996	6418
718	232	9104
718	259	9104
718	287	9104
718	343	9104
718	357	9104
718	417	9104
718	550	7353
718	580	2709
718	623	9104
718	687	7140
718	697	9104
718	715	7059
718	750	4274
718	790	6622
718	813	6664
718	816	9104
718	918	9104
718	923	9104
718	954	7133
719	353	764D
719	379	2182
719	397	1827
719	446	2186
719	485	2198
719	498	1817
719	541	2192
719	544	9636
719	548	9636
719	555	MULT
719	559	8522
719	595	9636
719	643	2203
719	685	9636
719	764	2178
719	837	2195
719	867	7801
720	290	6664
720	455	9636
720	867	8540
720	888	6118
721	558	9998
724	239	0145
724	267	0185
724	337	9208
724	423	0156
724	593	0179
724	646	0200
724	753	0209
724	878	0277
724	899	0189
724	968	0822
724	982	9208
727	252	8689
727	266	6502
727	289	7131
727	346	0328
727	362	2889
727	403	6214
727	591	6754
727	796	0328
727	864	0328
731	230	5514
731	282	6535
731	327	4806
731	439	4806
731	479	9419
731	536	9419
731	656	0561
731	662	0583
731	782	0421
731	805	6814
732	353	7142
732	403	7142
732	405	6630
732	444	4123
732	770	4804
732	804	4036
732	822	6623
732	925	6623
734	232	9323
734	512	4125
734	818	6232
734	888	0615
740	218	4852
740	227	6534
740	230	6596
740	290	6700
740	350	6534
740	432	0615
740	465	0615
740	521	0977
740	550	8568
740	557	0661
740	578	6822
740	707	6664
740	709	6664
740	772	0597
740	792	0822
740	820	0634
740	847	4852
740	892	0661
747	200	8826
754	959	MULT
757	278	6525
757	298	6827
757	308	9213
757	334	6827
757	345	7189
757	395	9213
757	441	9213
757	449	6232
757	475	9213
757	649	5832
757	656	4860
757	759	6827
757	779	6664
757	830	6810
757	908	8745
757	927	6855
758	758	8915
760	200	2319
760	326	3402
760	572	2323
760	657	9740
760	752	9740
760	770	2319
760	804	9740
760	805	6010
760	903	7262
760	905	899D
760	971	8004
762	333	4617
762	524	516C
762	887	8392
763	207	4609
763	230	4899
763	231	5512
763	233	5512
763	252	7908
763	355	7229
763	392	8274
763	444	9631
763	445	8727
763	546	9631
763	548	6098
763	567	7229
763	635	4263
763	656	8405
763	662	1482
763	675	1414
763	797	9631
763	951	9631
763	981	1456
765	225	6664
765	246	0776
765	258	0771
765	296	0792
765	326	2964
765	332	0796
765	384	0827
765	436	0828
765	443	6629
765	487	7314
765	498	0742
765	525	0778
765	533	0775
765	538	0830
765	547	4857
765	564	0831
765	567	0747
765	568	4261
765	572	0837
765	587	6158
765	641	9325
765	660	7314
765	671	9325
765	738	7459
765	798	0788
765	922	0826
765	948	0750
765	963	0818
767	440	8908
767	500	2918
769	487	9898
770	215	6606
770	263	9417
770	281	7229
770	296	6540
770	316	6540
770	392	9417
770	463	9417
770	478	9417
770	525	6706
770	571	6628
770	608	6214
770	615	8392
770	625	7229
770	646	9417
770	729	9417
770	737	0375
770	762	6929
770	782	6616
770	783	7170
770	796	0362
770	809	7170
770	822	9417
770	857	9417
770	869	9417
770	968	9417
772	229	9417
772	248	6100
772	356	8368
772	365	4942
772	402	8300
772	403	8300
772	484	4233
772	934	6100
773	210	9329
773	534	9329
773	590	6333
773	661	7765
773	765	7136
773	956	6529
773	960	6664
773	997	6529
774	241	293C
774	312	6387
774	435	8700
774	450	8700
774	487	6387
774	925	0035
775	218	4547
775	337	9742
775	339	2817
775	368	4547
775	384	029F
775	390	2351
775	408	6010
775	426	2349
775	583	2817
775	588	4421
775	686	9742
775	726	2351
775	755	2220
775	763	4438
775	778	2354
775	882	9742
775	910	6664
775	971	9742
778	230	6574
778	245	6574
778	316	5643
778	430	497E
778	500	8086
778	634	705F
778	734	081E
778	993	8821
779	214	846F
779	236	6664
779	400	259E
779	432	4837
779	475	462C
779	772	701E
779	777	701E
780	202	8819
780	225	8819
780	305	8084
780	350	8084
780	463	8084
780	499	8301
780	519	8301
780	656	8084
780	663	8084
780	702	8304
780	772	8301
780	854	8084
781	201	6664
781	410	7229
781	476	7421
781	559	7619
781	634	7755
781	780	4018
781	825	7199
781	854	8345
784	431	394A
784	482	8916
785	237	1577
785	246	9533
785	252	1781
785	253	6865
785	362	5237
785	398	1777
785	426	2455
785	468	1840
785	572	516C
785	598	1839
785	624	9533
785	721	2967
785	847	1820
785	890	5910
785	891	1835
785	914	2240
785	998	1778
786	207	8925
786	234	5562
786	302	6889
786	415	9417
786	664	2547
787	205	4823
787	339	6306
787	350	4850
787	387	4823
787	540	6991
787	578	6933
787	582	4057
787	626	8305
787	634	6592
787	654	8305
787	680	9726
787	713	3201
787	742	3201
787	771	3201
787	800	4955
787	892	3201
787	916	8305
787	972	6214
787	990	3685
787	997	3201
801	214	3950
801	309	6664
801	365	7176
801	503	3759
801	567	9636
801	569	9636
801	573	6571
801	600	6529
801	630	6829
801	656	7784
801	667	2283
801	794	9636
801	810	3950
801	865	6664
801	873	2277
801	876	9636
801	884	9636
801	981	7530
802	228	0058
802	285	0053
802	319	7188
802	365	5115
802	375	5115
802	384	6289
802	395	6981
802	436	3332
802	439	0068
802	450	4721
802	485	0061
802	522	7188
802	549	7188
802	587	3521
802	747	5115
802	756	6184
802	758	0069
802	796	3331
802	839	6232
802	880	7188
802	892	5115
802	897	0064
803	200	3453
803	263	0535
803	266	0551
803	286	0531
803	339	077F
803	553	6214
803	591	4621
803	622	6398
803	625	0506
803	656	3251
803	707	6398
803	818	3453
803	880	6013
803	944	6398
803	952	9417
803	981	0542
804	353	9213
804	468	2554
804	742	0233
804	824	7189
804	855	4725
805	324	5562
805	337	0051
805	492	2319
805	568	2319
805	615	4752
805	757	6006
805	808	6498
805	819	7610
805	828	6006
805	837	4553
805	845	7661
805	861	6006
805	869	8881
805	999	8491
806	272	0480
806	299	1163
806	350	5556
806	356	9533
806	360	7809
806	384	2170
806	439	2131
806	578	2166
806	635	7893
806	650	6944
806	677	9533
806	754	1988
806	847	2112
806	898	6534
806	925	2071
806	987	6611
806	990	8661
807	221	8210
807	271	9937
807	363	8051
807	467	8218
807	626	8094
807	934	8051
807	982	8051
808	237	3100
808	343	6516
808	355	3021
808	360	3100
808	399	6778
808	459	6750
808	562	5587
808	660	7454
808	682	3100
808	772	6516
808	861	3100
809	209	8909
809	283	8909
809	298	8909
809	306	9584
809	312	8791
809	328	8921
809	427	8909
809	486	8909
809	718	9584
809	738	8909
809	856	2118
809	885	2118
809	913	2118
809	930	8921
809	946	8921
809	976	MULT
810	292	6664
810	429	6003
810	512	2550
810	583	4632
810	812	9748
810	828	4632
810	931	6003
810	957	7701
812	206	8934
812	225	365C
812	271	970C
812	278	9325
812	350	6725
812	398	0779
812	442	0772
812	496	4803
812	531	6534
812	569	6725
812	574	4704
812	577	930B
812	578	8934
812	588	4111
812	589	6664
812	610	6232
812	623	0825
812	636	0801
812	637	9348
812	687	0759
812	694	0816
812	718	4803
812	720	6534
812	748	6062
812	836	0807
812	848	5584
812	874	0809
813	239	0328
813	246	0328
813	303	6630
813	373	6502
813	388	5818
813	504	7437
813	638	364F
813	675	7448
813	781	6232
813	843	6701
813	881	0328
813	921	6972
813	926	0328
814	219	5338
814	254	0169
814	264	3806
814	280	6232
814	298	4527
814	323	6534
814	342	9208
814	354	0210
814	365	0176
814	393	2681
814	398	0169
814	405	6739
814	418	6664
814	519	9475
814	537	6711
814	561	6232
814	585	6286
814	697	0194
814	747	4007
814	766	0209
814	775	422C
814	805	3609
814	906	3806
814	910	3806
814	966	0195
814	982	3806
814	996	4660
815	231	9329
815	239	1036
815	256	1092
815	292	0848
815	362	1036
815	363	9329
815	373	8760
815	392	1041
815	412	7721
815	426	9329
815	442	1086
815	457	1000
815	495	1015
815	547	1015
815	704	7393
815	737	0946
815	747	1183
815	750	1050
815	763	6761
815	790	6232
815	856	1046
815	872	1015
815	882	1048
815	934	1015
815	991	4607
816	270	1811
816	282	8665
816	293	9533
816	398	6123
816	465	6534
816	528	1932
816	592	6534
816	671	9533
816	678	6664
816	698	9533
816	798	6630
816	840	6530
816	872	4891
816	919	6534
817	221	2154
817	384	6522
817	406	7670
817	524	7249
817	526	8253
817	546	2152
817	554	7982
817	559	6506
817	612	8833
817	636	2114
817	664	8413
817	675	6534
817	721	6664
817	747	4009
817	790	9533
817	910	2153
817	948	6506
818	210	6630
818	378	6006
818	388	6006
818	417	6630
818	529	9748
818	594	9740
818	703	9740
818	719	9740
818	725	9740
818	755	9740
818	864	7379
818	954	9740
818	989	9740
819	214	8303
819	248	818D
819	308	8306
819	336	8213
819	345	8303
819	352	8239
819	363	8221
819	386	8050
819	445	8257
819	474	8050
819	519	247F
819	538	8050
819	548	8237
819	684	8050
819	738	8239
819	795	8050
819	800	154E
819	882	8306
828	300	6023
828	410	6938
828	426	4518
828	445	9654
828	459	9417
828	486	9419
828	494	9419
828	595	030F
828	605	6914
828	640	5932
828	654	9417
828	656	0509
828	778	6282
828	802	6282
828	833	9539
828	891	9417
828	897	0501
829	236	638B
829	239	638B
829	304	9584
829	527	8909
829	534	8909
829	699	8909
829	766	8909
829	782	8909
829	787	2118
829	801	2118
829	808	2118
829	930	2118
830	221	9533
830	233	2953
830	385	6664
830	433	583C
830	456	6664
830	477	6664
830	514	129G
830	549	6114
830	570	6534
830	609	9533
830	640	2086
830	733	1997
830	816	4344
830	864	2097
830	929	3082
830	966	2135
830	981	2083
831	254	6010
831	665	7379
831	693	2346
831	705	7453
831	718	7240
832	206	0822
832	228	6701
832	330	6701
832	412	0822
832	464	4944
832	860	6701
843	219	6630
843	223	6019
843	259	6398
843	261	6093
843	265	9417
843	342	0523
843	344	6398
843	348	6281
843	365	0528
843	370	4255
843	384	6398
843	426	0520
843	436	8960
843	562	0536
843	563	9417
843	567	0544
843	583	4621
843	585	8613
843	589	4335
843	644	5385
843	694	7473
843	713	364E
843	718	4730
843	733	8534
843	889	4335
843	899	0527
843	923	4621
843	952	5344
843	997	8645
845	221	0128
845	355	0096
845	465	9748
845	473	9104
845	524	532D
845	617	4006
845	778	0100
845	784	6232
845	825	6959
845	839	7343
845	879	4294
845	956	4140
847	386	7136
847	461	7056
847	493	9329
847	586	7721
847	871	8709
847	873	7607
847	878	6232
847	896	6795
847	968	9329
847	990	7196
848	391	6623
849	860	2118
849	917	2118
850	221	6916
850	238	6214
850	262	4616
850	285	7391
850	327	4465
850	382	6502
850	399	6502
850	433	9417
850	456	9417
850	466	937C
850	502	4802
850	518	3911
850	617	0340
850	697	0291
850	721	4616
850	742	8717
850	743	6502
850	826	6502
850	864	0340
850	875	0338
850	883	7598
850	910	8773
856	222	9206
856	237	7310
856	306	4869
856	370	9206
856	483	7229
856	574	7421
856	996	7967
857	256	6387
857	362	9102
857	401	2899
857	756	0334
858	405	6529
858	518	6232
858	795	7147
858	875	7453
859	207	7017
859	208	6214
859	241	0208
859	336	9419
859	368	3786
859	386	9348
859	433	6664
859	519	3495
859	555	MULT
859	635	9348
859	643	9348
859	697	2623
859	734	9419
859	805	3107
859	960	0208
859	966	0021
859	982	7243
859	996	7514
860	268	6664
860	501	4036
860	546	9147
860	549	9147
860	671	4036
860	732	9147
860	742	9147
860	913	6664
860	968	7421
862	772	4804
863	572	9324
863	944	6502
863	949	927D
864	217	6630
864	256	7273
864	257	6858
864	274	4858
864	276	8688
864	288	9417
864	349	3572
864	360	6398
864	365	8645
864	391	0550
864	461	0515
864	472	0517
864	545	0532
864	561	6398
864	642	5258
864	679	8660
864	682	0538
864	787	8645
864	819	1701
864	910	6302
864	936	9417
864	962	0526
865	207	6673
865	241	7278
865	266	6673
865	357	0066
865	395	8356
865	414	6673
865	455	6017
865	474	9419
865	828	0577
865	873	6698
865	918	6880
865	966	0559
867	334	9861
867	573	8092
867	588	8092
868	356	554D
868	762	550C
868	770	550C
868	793	550C
869	363	245E
869	467	8914
869	469	8913
870	222	9533
870	328	1721
870	348	1698
870	443	6805
870	445	1713
870	447	1691
870	449	1733
870	494	9533
870	542	1729
870	547	1724
870	553	1726
870	613	6805
870	689	1702
870	753	9533
870	768	9533
870	772	1163
870	786	9533
870	859	0431
870	881	9533
870	937	1885
870	945	6534
870	957	095A
870	966	1706
872	237	6664
876	232	8250
876	466	002A
876	505	002A
876	506	8911
876	574	688B
876	584	002A
901	223	6630
901	307	6630
901	362	9419
901	405	7344
901	687	6214
901	762	9419
901	788	6868
901	827	6214
902	362	8089
902	363	4878
902	367	4878
902	450	8089
902	537	8821
902	650	4878
902	732	4878
902	741	4878
902	808	8303
902	831	8087
902	872	8821
903	303	5159
903	330	6534
903	343	6506
903	491	6664
903	588	2130
903	613	3196
903	672	0431
903	713	3726
903	719	6833
903	745	0603
903	789	1181
903	825	2084
903	922	6506
903	946	9533
903	947	2150
903	978	6506
903	982	2038
903	994	2065
904	244	9417
904	259	0335
904	319	6426
904	365	018A
904	371	7566
904	446	206A
904	533	0340
904	626	6232
904	642	9417
904	808	9417
904	868	6214
904	949	6824
905	205	8377
905	240	743B
905	393	2782
905	397	2782
905	422	8377
905	429	8051
905	488	8377
905	656	4297
905	695	8304
905	729	8051
905	778	8051
905	828	8051
905	871	8051
905	878	8051
905	923	5643
905	952	8051
905	954	8051
905	989	8051
906	233	9323
906	274	0713
906	283	0689
906	291	6003
906	353	0675
906	366	6534
906	437	0680
906	472	0711
906	485	9323
906	771	0030
906	833	6695
906	883	0717
906	892	0685
906	914	8726
906	950	MULT
907	225	3013
907	259	6292
907	268	9413
907	294	3030
907	380	3000
907	398	6304
907	424	3007
907	426	3019
907	429	6882
907	439	6747
907	448	6354
907	464	3003
907	472	3025
907	479	3008
907	496	6926
907	524	1449
907	544	6531
907	547	3026
907	569	3000
907	572	6872
907	580	7785
907	588	3023
907	656	3011
907	675	3004
907	691	6733
907	720	6872
907	721	3027
907	729	3000
907	739	6872
907	773	3005
907	892	3015
907	934	3016
907	968	3002
907	995	6181
908	206	9206
908	207	6871
908	237	0138
908	287	4804
908	318	6088
908	350	4948
908	374	2680
908	383	6830
908	402	6845
908	426	6873
908	507	6391
908	526	9206
908	682	6801
908	698	4804
908	732	MULT
908	747	4804
908	763	6391
908	778	6539
908	834	2989
908	841	9206
908	847	3048
908	943	3639
909	213	6010
909	215	6010
909	330	6906
909	447	2319
909	635	8322
909	866	4420
910	231	6282
910	281	0476
910	288	4809
910	298	0470
910	344	7796
910	398	7421
910	454	9417
910	473	6282
910	483	0470
910	559	5307
910	588	0502
910	649	0500
910	713	6232
910	721	0468
910	765	2542
910	797	6664
910	817	3235
910	836	6925
912	210	6232
912	282	6540
912	304	8718
912	345	0344
912	384	4332
912	401	4361
912	403	6540
912	437	0358
912	450	8900
912	479	6792
912	488	0387
912	523	0365
912	527	4636
912	529	0379
912	601	7473
912	693	4425
912	756	0356
912	778	0347
912	851	0376
912	865	0348
912	961	9417
913	279	9533
913	285	6267
913	439	8723
913	578	9533
913	592	1810
913	596	9533
913	652	9533
913	662	5247
913	713	8856
913	757	1814
913	777	742D
913	849	1810
913	947	0472
913	982	7593
914	205	4006
914	458	7059
914	482	4036
914	503	6959
914	612	8340
914	672	4036
914	701	9104
914	910	9104
915	205	6506
915	222	004D
915	593	9533
915	779	9533
915	808	4913
915	828	4434
915	938	9533
916	288	7145
916	359	3964
916	527	7379
916	551	9740
916	564	9740
916	766	9740
916	770	2334
916	822	7174
916	881	6967
916	912	8826
916	952	6010
916	968	5562
916	998	6232
917	237	9104
917	288	4036
917	308	6877
917	393	6800
917	416	6232
917	469	6630
917	562	4036
917	619	6036
917	670	6959
917	671	7766
917	783	4036
917	791	997E
917	864	4036
917	899	6630
918	222	7350
918	233	9533
918	241	9533
918	267	1968
918	334	1974
918	359	7048
918	365	1969
918	375	1977
918	391	4812
918	398	833C
918	455	1165
918	457	9533
918	506	8737
918	516	7632
918	522	2014
918	524	9533
918	537	4589
918	546	1979
918	565	6664
918	575	5813
918	593	2022
918	598	1981
918	656	2013
918	678	2034
918	717	6840
918	740	6534
918	750	9671
918	757	1982
918	778	2011
918	793	2023
918	819	5257
918	827	1984
918	839	6534
918	873	6529
918	875	9533
918	913	5257
918	920	9304
918	985	1945
919	224	4334
919	235	7970
919	257	7421
919	275	4809
919	296	4809
919	402	4334
919	410	6324
919	469	9417
919	548	6324
919	568	4809
919	676	9417
919	680	4334
919	744	6214
919	882	7555
919	918	9417
919	939	6664
920	206	9327
920	245	7216
920	250	980F
920	255	5564
920	257	9327
920	328	4087
920	346	0877
920	348	0931
920	358	516C
920	384	6630
920	439	0954
920	456	9327
920	495	6692
920	517	6508
920	553	0148
920	576	6837
920	596	0905
920	615	6692
920	667	0898
920	699	0943
920	710	8748
920	737	6508
920	772	0914
920	789	980F
920	826	0925
920	837	0857
920	848	8614
920	899	0938
920	955	1519
920	981	623D
920	990	6990
920	995	6818
925	228	9740
925	371	9740
925	676	9740
925	738	7229
925	754	9740
925	818	6010
928	322	6572
928	334	4426
928	342	9636
928	475	2169
928	479	2171
928	606	6572
928	638	9636
928	658	4449
928	667	4419
928	688	3334
928	718	2172
928	727	6831
928	859	2174
928	863	6664
928	875	2286
928	920	6572
929	233	5562
931	235	6935
931	249	6214
931	394	0553
931	434	6673
931	474	4586
931	485	9419
931	532	8742
931	559	250F
931	583	9419
931	721	0576
931	808	6673
931	845	0570
936	205	8743
936	365	2068
936	442	2109
936	566	2104
936	586	6590
936	800	5714
937	407	6025
937	425	7460
937	427	9321
937	508	6664
937	540	309B
937	630	9321
937	638	6025
937	639	9133
937	650	5632
937	652	0594
937	673	6232
937	728	6025
937	751	3395
937	837	0615
937	855	0618
937	874	7460
937	881	4863
937	962	0615
938	223	516C
938	238	516C
939	242	4823
940	223	5490
940	249	7229
940	256	6506
940	325	9533
940	330	9533
940	345	2041
940	442	7670
940	476	2061
940	495	2069
940	498	2101
940	524	2043
940	562	4046
940	564	0332
940	674	2141
940	727	2116
940	733	6271
941	207	3872
941	441	8692
941	559	5750
941	727	0328
941	795	0328
941	921	0328
941	954	0328
947	428	6003
949	424	8782
949	443	9740
949	580	9740
949	613	8690
949	766	9740
949	809	9740
951	526	6529
951	842	6006
951	905	6529
952	447	1479
952	540	9631
952	601	6630
952	852	7783
952	892	1367
954	224	6214
954	264	6612
954	273	6841
954	298	6502
954	367	4085
954	543	7131
954	565	9417
954	625	7421
954	818	6232
954	848	9417
954	904	6770
954	996	6548
956	247	6232
956	318	9533
956	327	6901
956	341	6664
956	346	6506
956	359	6988
956	388	9533
956	401	468D
956	419	2090
956	439	6736
956	503	6590
956	507	319D
956	588	319D
956	622	6114
956	631	9533
956	656	5700
956	743	2159
956	772	9533
956	908	468D
956	936	2073
970	200	9607
970	223	9636
970	228	2210
970	236	588A
970	263	9636
970	286	6010
970	324	7378
970	358	2199
970	365	2297
970	373	6118
970	379	6567
970	421	1772
970	425	6118
970	448	1577
970	524	2185
970	562	2188
970	564	9636
970	621	6613
970	623	6567
970	656	2209
970	662	9636
970	682	6567
970	735	2206
970	790	4164
970	805	6118
970	856	2184
970	864	2193
970	870	9636
970	897	2194
971	205	3539
971	210	4588
971	231	2818
971	243	9269
971	244	2424
971	248	3234
971	256	157F
971	271	5820
971	925	4980
972	308	516C
972	309	7726
972	450	9533
972	552	9533
972	634	6147
972	640	6802
972	778	9533
972	818	9533
973	214	6391
973	217	6734
973	333	0558
973	391	9206
973	427	9206
973	471	9206
973	554	9206
973	555	MULT
973	567	6391
973	607	7421
973	707	8407
973	709	9206
973	764	0135
973	793	9206
973	852	2680
973	864	4959
973	895	9206
973	919	6391
978	342	9102
978	433	9102
978	621	6387
978	713	6083
978	780	8942
978	826	4084
978	832	6168
978	877	6387
979	234	9533
979	322	6820
979	562	2059
979	900	129G
979	960	6844
979	964	2040
979	992	2093
980	613	6324
985	254	8839
985	327	4618
985	359	3610
985	365	4618
985	429	9419
985	515	6214
985	531	9419
985	548	9419
985	622	771A
985	692	4835
985	727	9419
985	745	6505
985	772	7023
985	787	0433
985	792	9419
985	804	6505
985	819	8668
989	285	6120
989	292	6003
989	553	6718
989	629	4632
989	661	0694
989	668	591C
989	687	0738
989	787	9245
989	799	9323
989	825	4632
989	849	4632
989	866	0737
989	932	0708
989	977	6534
