201	242
201	257
201	318
201	348
201	385
201	416
201	442
201	450
201	603
201	743
201	814
201	863
201	868
201	924
201	983
202	208
202	250
202	275
202	289
202	335
202	364
202	370
202	386
202	428
202	443
202	451
202	455
202	536
202	559
202	561
202	583
202	621
202	660
202	680
202	742
202	969
203	404
203	439
203	460
203	529
203	542
203	669
203	828
203	892
203	910
203	930
203	935
203	939
203	951
204	246
204	328
204	337
204	363
204	394
204	425
204	426
204	802
204	854
204	881
204	967
204	992
205	233
205	271
205	284
205	355
205	363
205	371
205	398
205	457
205	466
205	472
205	491
205	536
205	559
205	596
205	619
205	625
205	669
205	679
205	697
205	702
205	748
205	783
206	210
206	229
206	278
206	316
206	353
206	402
206	795
206	797
206	802
206	897
206	992
207	225
207	268
207	269
207	275
207	317
207	334
207	371
207	391
207	397
207	434
207	445
207	518
207	547
207	568
207	571
207	578
207	591
207	638
207	654
207	677
207	680
207	686
207	693
207	700
207	727
207	763
207	772
207	787
207	826
207	925
207	926
207	928
208	215
208	241
208	276
208	299
208	328
208	360
208	361
208	364
208	370
208	391
208	404
208	414
208	434
208	444
208	451
208	452
208	559
208	564
208	566
208	574
208	583
208	592
208	604
208	612
208	621
208	636
208	643
208	652
208	656
208	661
208	697
208	707
208	712
208	741
208	778
208	824
208	833
208	867
208	878
208	894
208	942
209	247
209	296
209	337
209	371
209	376
209	387
209	419
209	525
209	538
209	706
209	722
209	928
210	496
210	522
210	529
210	558
210	569
210	617
210	662
210	735
210	813
210	824
210	837
210	844
212	237
212	244
212	332
212	364
212	469
212	474
212	547
212	638
212	724
212	798
212	990
213	235
213	278
213	307
213	347
213	356
213	764
213	974
214	208
214	308
214	331
214	359
214	491
214	510
214	520
214	600
214	626
214	639
214	697
214	750
214	798
214	894
214	951
215	320
215	325
215	381
215	399
215	430
215	494
215	522
215	552
215	588
215	625
215	644
215	661
215	701
215	710
215	736
215	786
215	893
216	222
216	235
216	483
216	588
216	663
216	986
217	248
217	249
217	275
217	283
217	382
217	457
217	476
217	482
217	518
217	631
217	647
217	660
217	666
217	768
217	774
217	794
217	796
217	797
217	810
217	828
217	829
217	833
217	841
217	847
217	849
217	852
217	853
217	873
217	889
217	925
217	982
217	994
218	246
218	331
218	440
218	451
218	482
218	545
218	564
218	600
218	682
218	685
218	692
218	738
218	743
218	747
218	756
218	763
218	780
218	863
218	867
218	962
218	987
218	995
219	253
219	345
219	683
219	697
219	778
219	789
219	809
219	828
224	209
224	223
224	542
224	757
225	282
225	286
225	387
225	608
225	625
225	667
225	701
225	717
225	777
225	803
225	874
226	228
226	400
228	210
228	264
228	287
228	295
228	327
228	380
228	395
228	424
228	547
228	641
228	691
228	883
228	931
229	240
229	334
229	390
229	418
229	518
229	519
229	588
229	695
229	723
229	729
229	848
229	921
231	223
231	269
231	343
231	384
231	448
231	585
231	607
231	676
231	760
231	762
231	792
231	867
231	902
231	947
234	207
234	400
234	575
234	595
239	250
239	344
239	434
239	682
239	745
239	937
240	246
240	260
240	362
240	366
240	389
240	391
240	406
240	425
240	436
240	452
240	625
240	767
240	783
240	821
240	857
240	865
240	920
242	456
246	232
246	251
246	274
246	437
246	537
248	330
248	508
248	523
248	610
248	613
248	753
248	779
248	864
248	901
248	945
248	966
248	981
248	999
249	878
250	210
250	301
250	317
250	338
250	376
250	429
250	618
250	627
250	648
250	767
250	780
250	791
250	851
250	909
250	965
250	999
251	217
251	249
251	418
251	445
251	586
251	600
251	638
251	647
251	648
251	650
251	676
251	771
251	865
251	966
252	203
252	217
252	241
252	429
252	598
252	858
252	920
252	935
253	241
253	302
253	925
254	248
254	352
254	623
254	639
254	641
254	661
254	699
254	728
254	876
254	955
254	999
256	201
256	215
256	288
256	329
256	360
256	375
256	394
256	417
256	512
256	514
256	586
256	633
256	643
256	670
256	676
256	728
256	752
256	785
256	804
256	906
260	235
260	350
260	421
260	691
260	694
260	909
262	296
262	301
262	337
262	389
262	427
262	514
262	539
262	624
262	626
262	736
262	743
262	882
264	222
267	200
267	286
267	307
267	488
267	652
267	690
267	699
267	851
268	773
269	205
269	238
269	369
269	466
269	491
269	521
269	548
269	588
269	668
269	721
269	727
269	731
269	746
269	751
269	989
270	201
270	215
270	238
270	260
270	261
270	274
270	334
270	346
270	356
270	369
270	379
270	414
270	422
270	556
270	571
270	578
270	618
270	629
270	637
270	656
270	697
270	728
270	772
270	885
270	910
270	988
276	200
276	203
276	229
276	233
276	251
276	322
276	385
276	447
276	472
276	479
276	637
276	673
276	696
281	246
281	282
281	343
281	391
281	398
281	421
281	475
281	505
281	531
281	580
281	587
281	668
281	805
281	820
281	881
281	908
281	939
281	982
284	440
284	468
284	495
289	439
289	479
289	500
289	599
289	629
301	299
301	328
301	362
301	494
301	586
301	690
301	694
301	706
301	859
301	918
302	254
302	306
302	346
302	384
302	412
302	448
302	506
302	624
302	643
302	645
302	650
302	668
302	683
302	685
302	824
302	827
302	918
303	276
303	289
303	396
303	558
303	588
303	622
303	769
303	836
303	849
303	872
303	965
303	973
303	982
304	217
304	244
304	246
304	371
304	398
304	427
304	432
304	441
304	468
304	520
304	530
304	554
304	559
304	560
304	567
304	631
304	643
304	673
304	693
304	694
304	718
304	724
304	730
304	808
304	824
304	839
304	875
304	888
304	953
305	269
305	333
305	500
305	565
305	617
305	648
305	865
305	890
305	908
306	221
306	423
306	464
306	578
306	636
306	820
306	874
306	980
307	230
307	234
307	235
307	271
307	353
307	365
307	367
307	422
307	444
307	497
307	543
307	586
307	643
307	645
307	729
307	765
307	836
307	849
307	867
307	878
307	950
308	203
308	212
308	228
308	244
308	313
308	362
308	368
308	375
308	397
308	445
308	453
308	468
308	582
308	637
308	643
308	652
308	682
308	694
308	697
308	726
308	947
308	990
309	219
309	225
309	238
309	272
309	325
309	367
309	483
309	521
309	526
309	527
309	596
309	613
309	747
309	771
309	778
309	838
309	935
309	949
310	272
310	506
310	539
310	593
310	641
310	674
310	694
310	775
310	863
310	886
310	943
312	206
312	265
312	267
312	276
312	357
312	419
312	423
312	475
312	488
312	573
312	710
312	797
313	217
313	390
313	436
313	521
313	528
313	659
313	709
313	876
314	291
314	761
314	852
315	247
315	282
315	324
315	336
315	337
315	365
315	367
315	403
315	489
315	498
315	541
315	548
315	639
315	643
315	656
315	697
315	702
315	865
315	867
315	869
315	892
316	200
316	771
316	822
317	298
317	333
317	373
317	456
317	533
317	660
317	694
317	892
317	903
317	942
318	229
318	244
318	245
318	246
318	278
318	333
318	361
318	373
318	381
318	382
318	391
318	465
318	558
318	563
318	568
318	571
318	579
318	633
318	670
318	874
318	894
318	908
318	972
318	992
319	201
319	228
319	237
319	256
319	276
319	279
319	329
319	332
319	342
319	392
319	439
319	446
319	453
319	456
319	465
319	479
319	482
319	490
319	494
319	527
319	591
319	625
319	627
319	638
319	646
319	656
319	664
319	667
319	683
319	685
319	696
319	741
319	788
319	822
319	824
319	825
319	827
319	851
319	854
319	857
319	861
319	868
319	892
319	935
320	222
320	234
320	239
320	283
320	284
320	289
320	290
320	294
320	296
320	362
320	461
320	490
320	524
320	548
320	573
320	593
320	655
320	745
320	765
320	793
320	796
320	805
320	845
320	847
320	877
320	982
321	223
321	329
321	348
321	537
321	765
323	265
323	280
323	490
323	557
323	606
323	666
323	698
323	812
323	820
325	220
325	233
325	237
325	555
325	576
325	805
330	271
330	318
330	391
330	444
330	488
330	606
330	646
330	656
330	660
330	687
330	772
330	804
330	817
330	850
330	891
330	895
330	973
331	200
334	345
334	400
334	408
334	434
334	456
334	548
334	558
334	562
334	564
334	625
334	644
334	663
334	682
334	699
334	702
334	756
334	779
334	814
334	863
334	982
336	207
336	230
336	234
336	256
336	284
336	368
336	371
336	677
336	742
336	748
336	752
336	778
336	817
336	879
336	883
336	973
336	993
337	222
337	328
337	504
337	529
337	534
337	538
337	588
337	656
337	667
337	685
337	782
337	969
337	993
339	219
339	235
340	201
340	772
340	884
343	359
345	222
347	221
347	249
347	295
347	386
347	426
347	506
347	588
347	628
347	718
347	719
347	778
347	862
351	201
352	202
352	305
352	389
352	469
352	494
352	507
352	582
352	959
360	221
360	238
360	278
360	290
360	345
360	359
360	448
360	473
360	478
360	484
360	494
360	499
360	601
360	628
360	656
360	662
360	697
360	702
360	826
360	847
360	864
360	877
360	879
360	885
360	894
360	898
360	915
360	982
360	985
361	264
361	294
361	687
361	764
361	771
361	792
361	799
361	874
361	996
385	200
385	244
385	282
386	226
386	231
386	450
386	623
386	740
401	239
401	272
401	288
401	299
401	371
401	402
401	500
401	592
401	627
401	643
401	656
401	778
401	925
402	237
402	244
402	247
402	248
402	254
402	294
402	405
402	412
402	439
402	451
402	461
402	482
402	535
402	550
402	567
402	582
402	598
402	599
402	601
402	632
402	667
402	695
402	718
402	723
402	756
402	772
402	774
402	793
402	849
402	883
402	891
402	908
402	918
402	931
402	969
402	982
402	993
403	202
403	306
403	471
403	558
403	697
403	756
403	776
403	874
404	375
404	456
404	464
404	582
404	634
405	391
405	457
405	616
405	659
405	690
405	778
405	886
405	910
406	271
406	296
406	334
406	346
406	384
406	451
406	475
406	532
406	559
406	616
406	635
406	643
406	662
406	689
406	715
406	733
406	741
406	852
406	877
406	882
406	964
406	972
406	981
406	982
407	225
407	438
407	458
407	624
407	713
407	770
407	777
407	791
407	798
407	808
407	857
407	903
407	910
407	919
407	921
408	222
408	227
408	281
408	313
408	342
408	380
408	414
408	443
408	718
408	808
408	841
408	845
408	904
408	968
409	213
409	498
409	643
409	783
410	434
410	622
410	658
410	773
410	835
410	866
410	913
412	201
412	297
412	315
412	357
412	364
412	518
412	538
412	567
412	595
412	745
412	766
412	850
413	262
413	306
413	357
413	367
413	413
413	464
413	467
413	728
413	738
414	221
414	329
414	576
414	755
414	855
415	235
415	252
415	271
415	410
415	442
415	525
415	647
415	663
415	809
415	848
415	859
415	982
416	283
416	320
416	469
416	599
416	649
416	670
416	824
417	204
417	238
417	277
417	341
417	353
417	388
417	436
417	452
417	472
417	521
417	613
417	628
417	680
417	684
417	707
417	749
417	887
417	893
417	935
417	966
418	384
418	389
418	432
418	483
418	484
418	486
418	499
418	567
418	584
418	588
418	650
418	681
418	733
418	780
418	834
418	848
418	886
418	944
418	988
419	202
419	228
419	236
419	267
419	344
419	366
419	373
419	387
419	398
419	400
419	423
419	453
419	459
419	532
419	594
419	596
419	613
419	646
419	652
419	659
419	717
419	729
419	748
419	758
419	802
419	822
419	873
419	879
419	894
419	899
419	926
419	939
423	222
423	238
423	261
423	275
423	387
423	627
423	652
423	709
423	793
423	877
423	881
423	973
424	236
424	254
424	265
424	731
424	959
425	312
425	341
425	471
425	890
425	956
430	200
430	973
432	214
432	297
432	398
432	555
432	607
432	688
434	202
434	538
434	656
434	689
434	821
434	830
434	849
434	850
434	993
435	272
435	292
435	444
435	528
435	613
435	675
435	727
435	738
435	743
435	747
435	748
435	750
435	782
435	946
438	274
438	874
440	231
440	294
440	319
440	342
440	379
440	390
440	398
440	519
440	571
440	574
440	578
440	627
440	633
440	685
440	963
441	237
441	492
441	523
441	526
441	527
441	591
441	717
441	734
441	753
441	756
442	222
443	247
443	314
443	326
443	330
443	360
443	401
443	403
443	412
443	464
443	479
443	521
443	556
443	623
443	629
443	693
443	697
443	853
443	958
443	964
443	982
450	262
450	265
450	271
450	429
450	520
450	535
450	549
450	583
450	652
450	714
450	717
450	791
450	884
450	894
450	896
450	956
450	994
458	200
458	205
469	224
469	303
469	348
469	632
469	682
469	721
469	775
469	791
470	213
470	253
470	313
470	385
473	269
473	457
475	201
478	212
478	294
478	297
478	325
478	589
478	628
478	736
478	867
478	892
479	205
479	229
479	238
479	286
479	439
479	495
479	559
479	733
479	822
479	824
479	922
479	947
479	986
480	253
480	335
480	471
480	537
480	646
480	962
484	348
484	358
484	464
484	568
484	616
484	635
484	744
501	303
501	384
501	395
501	397
501	401
501	592
501	627
501	643
501	843
502	233
502	274
502	279
502	291
502	298
502	335
502	352
502	391
502	429
502	476
502	542
502	679
502	772
502	806
502	908
503	262
503	266
503	292
503	322
503	368
503	382
503	385
503	394
503	448
503	483
503	518
503	549
503	586
503	631
503	633
503	674
503	687
503	693
503	759
503	762
503	792
503	824
503	825
503	827
503	845
503	874
503	900
503	930
503	994
504	208
504	277
504	450
504	540
504	667
504	833
504	842
504	931
505	272
505	333
505	344
505	371
505	480
505	583
505	603
505	782
505	884
505	939
505	968
506	253
506	427
506	604
506	661
506	832
507	258
507	265
507	359
507	365
507	367
507	371
507	392
507	437
507	439
507	472
507	493
507	542
507	548
507	549
507	586
507	613
507	647
507	691
507	692
507	695
507	723
507	725
507	732
507	744
507	754
507	777
507	787
507	845
507	878
507	962
508	225
508	321
508	418
508	744
508	779
508	792
508	883
508	952
508	987
509	304
509	446
509	532
509	549
509	552
509	648
509	673
509	676
509	698
509	733
509	747
509	764
509	772
509	796
509	872
509	880
510	260
510	385
510	654
510	697
510	710
510	715
510	784
510	828
510	875
510	877
512	316
512	336
512	399
512	450
512	503
512	584
512	682
512	772
512	853
513	267
513	441
513	598
513	605
513	785
513	875
513	925
514	213
514	240
514	441
514	529
514	674
514	752
514	830
514	983
515	327
515	362
515	367
515	371
515	384
515	388
515	395
515	438
515	532
515	548
515	605
515	639
515	677
515	769
515	770
515	783
515	825
515	826
515	836
515	838
515	839
515	889
515	899
515	924
515	950
515	987
515	999
516	221
516	239
516	299
516	304
516	457
516	569
516	649
516	665
516	722
516	742
516	837
516	875
516	892
516	970
517	286
517	383
517	386
517	391
517	436
517	443
517	447
517	625
517	756
517	883
517	899
517	912
517	920
518	215
518	230
518	241
518	267
518	296
518	327
518	387
518	399
518	414
518	580
518	597
518	756
518	784
518	831
518	873
518	887
518	962
518	968
518	982
519	233
519	238
519	349
519	353
519	367
519	395
519	401
519	455
519	456
519	573
519	592
519	595
519	632
519	778
519	789
519	828
519	839
519	841
519	848
519	849
519	861
519	910
519	943
520	202
520	314
520	391
520	471
520	547
520	548
520	796
530	200
530	286
530	367
530	467
530	500
530	573
530	615
530	642
530	652
530	698
530	745
530	787
530	870
530	881
530	946
534	220
539	225
540	205
540	208
540	214
540	262
540	333
540	363
540	395
540	436
540	474
540	559
540	659
540	736
540	747
540	763
540	798
540	839
540	864
540	925
540	966
541	215
541	262
541	272
541	323
541	336
541	338
541	346
541	347
541	384
541	401
541	436
541	448
541	449
541	457
541	518
541	522
541	571
541	592
541	629
541	653
541	667
541	669
541	741
541	823
541	828
541	847
541	873
541	925
541	982
551	200
559	296
559	297
559	332
559	355
559	390
559	443
559	606
559	635
559	636
559	713
559	715
559	751
559	782
559	850
559	877
559	924
559	933
559	961
561	224
561	272
561	290
561	291
561	457
561	522
561	613
561	694
561	902
561	989
562	231
562	343
562	359
562	361
562	375
562	405
562	488
562	496
562	506
562	645
562	665
562	693
562	997
563	225
563	246
563	426
563	427
563	432
563	437
563	452
563	485
563	486
563	487
563	488
563	492
563	536
563	559
563	672
563	673
563	682
563	686
563	689
563	732
563	737
563	745
563	826
563	843
563	847
563	849
563	864
563	883
563	928
563	941
563	942
567	253
567	260
567	267
567	286
567	298
567	331
567	371
567	429
567	435
567	940
570	230
570	240
570	262
570	420
570	439
570	454
570	467
570	530
570	559
570	673
570	680
570	682
570	685
570	725
570	749
570	755
570	756
570	793
570	797
570	832
570	879
570	916
570	918
570	937
570	944
570	966
571	226
571	228
571	234
571	246
571	271
571	283
571	296
571	333
571	366
571	382
571	612
571	641
571	765
573	237
573	238
573	249
573	254
573	277
573	319
573	331
573	341
573	357
573	382
573	426
573	437
573	461
573	475
573	538
573	587
573	647
573	677
573	720
573	743
573	784
573	835
573	840
573	859
573	884
573	985
574	224
574	306
574	321
574	371
574	566
574	595
574	598
574	652
574	721
574	832
574	867
574	889
575	226
575	238
575	274
575	323
575	343
575	358
575	365
575	375
575	387
575	391
575	433
575	446
575	451
575	455
575	464
575	548
575	574
575	578
575	682
575	741
575	817
575	849
575	914
575	981
579	237
580	265
580	271
580	338
580	391
580	437
580	445
580	448
580	467
580	529
580	537
580	620
580	637
580	659
580	675
580	690
580	743
580	790
580	794
580	837
580	864
580	924
580	933
580	981
581	208
581	240
581	243
581	257
585	206
585	392
585	533
585	657
586	246
586	350
586	421
586	627
586	675
586	684
586	723
586	729
586	741
586	808
586	851
586	860
586	929
587	218
587	246
587	248
587	701
587	727
601	210
601	323
601	363
601	466
601	524
601	546
601	612
601	618
601	635
601	735
601	760
601	778
601	845
601	875
601	938
601	942
602	282
602	398
602	417
602	443
602	448
602	466
602	469
602	507
602	624
602	639
602	643
602	689
602	707
602	717
602	916
602	997
603	255
603	265
603	278
603	301
603	360
603	371
603	391
603	432
603	456
603	495
603	504
603	584
603	623
603	630
603	654
603	721
603	774
603	833
603	874
603	896
603	973
604	295
604	341
604	606
604	677
604	727
605	217
605	241
605	246
605	287
605	288
605	337
605	363
605	377
605	384
605	392
605	422
605	439
605	479
605	528
605	533
605	564
605	588
605	595
605	627
605	694
605	697
605	715
605	721
605	724
605	731
605	733
605	741
605	749
605	756
605	763
605	764
605	772
605	809
605	834
605	837
605	844
605	845
605	859
605	892
605	894
605	895
605	934
605	935
605	966
605	967
606	276
606	277
606	306
606	371
606	447
606	479
606	502
606	555
606	673
606	675
606	743
606	786
606	802
606	852
606	881
606	882
606	926
607	243
607	347
607	356
607	387
607	563
607	637
607	693
608	248
608	272
608	320
608	340
608	376
608	457
608	489
608	509
608	533
608	538
608	567
608	586
608	625
608	637
608	677
608	738
608	748
608	762
608	763
608	766
608	796
608	833
608	845
608	850
608	930
608	966
608	985
609	218
609	292
609	398
609	503
609	529
609	556
609	653
609	858
609	920
609	958
610	253
610	274
610	366
610	385
610	577
610	622
610	637
610	693
610	708
610	760
610	794
610	828
610	830
610	836
612	229
612	454
612	468
612	573
612	669
612	825
613	256
613	273
613	346
613	375
613	538
613	582
613	659
613	775
613	833
613	982
614	387
614	443
614	553
614	762
614	799
614	834
614	883
614	887
614	918
614	976
614	991
615	208
615	241
615	412
615	538
615	572
615	620
615	649
615	655
615	656
615	686
615	727
615	772
615	784
615	835
615	897
615	984
616	235
616	308
616	351
616	430
616	540
616	732
616	742
616	790
616	795
616	890
616	892
616	975
617	243
617	266
617	378
617	485
617	541
617	667
617	677
617	760
617	830
617	851
617	891
617	898
617	905
617	931
618	207
618	237
618	321
618	333
618	334
618	364
618	571
618	584
618	639
618	644
618	673
618	675
618	687
618	728
618	824
618	888
618	935
618	966
618	968
619	228
619	239
619	251
619	307
619	331
619	465
619	555
620	274
620	294
620	385
620	427
620	429
620	454
620	456
620	476
620	479
620	496
620	582
620	643
620	679
620	697
620	715
620	718
620	765
620	766
620	767
620	782
620	793
620	892
620	897
620	915
623	207
623	455
623	776
626	202
626	217
626	232
626	334
626	347
626	370
626	480
626	633
626	667
626	812
630	341
630	351
630	430
630	513
630	528
630	992
631	220
631	236
631	267
631	395
631	427
631	606
631	679
631	751
631	774
631	788
631	802
631	848
631	953
636	230
636	237
636	434
636	487
636	549
636	818
636	938
641	203
641	243
641	357
641	393
641	447
641	487
641	522
641	586
641	593
641	642
641	664
641	713
641	746
641	749
641	755
641	762
641	765
641	829
641	832
641	864
641	894
641	920
641	948
641	982
646	200
646	257
646	297
646	369
646	448
646	496
646	502
646	562
646	622
646	641
647	377
647	403
647	454
647	455
647	501
647	755
647	789
649	231
650	200
650	290
650	336
650	342
650	404
650	497
650	777
651	659
651	864
657	202
660	213
660	237
660	264
660	345
660	384
660	440
660	446
660	458
660	533
660	564
660	581
660	582
660	595
660	596
660	644
660	674
660	833
660	849
660	874
660	877
660	878
660	892
660	935
660	944
660	984
661	232
661	305
661	514
661	845
662	208
662	216
662	271
662	272
662	309
662	348
662	356
662	365
662	391
662	398
662	412
662	462
662	496
662	569
662	592
662	593
662	651
662	652
662	667
662	676
662	682
662	718
662	724
662	743
662	765
662	768
662	787
662	806
662	839
662	855
662	861
662	865
662	874
662	892
662	972
664	236
664	675
670	237
670	588
670	878
671	483
671	634
671	787
678	237
678	243
678	344
678	349
678	435
678	448
678	475
678	544
678	573
678	576
678	605
678	622
678	666
678	799
678	914
678	925
678	968
678	983
681	200
681	201
681	258
681	892
682	231
682	422
682	459
682	583
682	667
682	738
684	254
684	685
701	356
701	365
701	384
701	385
701	398
701	402
701	437
701	443
701	453
701	500
701	559
701	597
701	628
701	633
701	634
701	636
701	640
701	660
701	669
701	683
701	687
701	688
701	697
701	736
701	797
701	849
701	883
701	896
701	925
701	952
701	982
701	992
701	998
702	273
702	274
702	308
702	309
702	344
702	345
702	398
702	466
702	469
702	483
702	490
702	535
702	564
702	613
702	640
702	662
702	734
702	776
702	824
702	844
703	243
703	264
703	377
703	491
703	524
703	532
703	554
703	569
703	630
703	643
703	674
703	704
703	718
703	797
703	928
703	956
704	206
704	255
704	308
704	315
704	334
704	448
704	495
704	500
704	557
704	604
704	608
704	631
704	636
704	677
704	757
704	760
704	793
704	817
704	889
705	203
705	271
705	295
705	335
705	440
705	482
705	521
705	630
705	633
705	656
705	675
705	687
705	844
705	866
705	892
705	932
705	950
705	987
706	240
706	269
706	375
706	376
706	398
706	456
706	475
706	477
706	519
706	538
706	582
706	697
706	730
706	783
706	831
706	841
706	935
706	947
707	232
707	259
707	402
707	485
707	598
707	621
707	671
707	693
707	786
707	792
707	932
707	934
707	995
708	387
708	432
708	455
708	469
708	515
708	540
708	644
708	707
708	724
708	824
708	895
709	237
709	238
709	289
709	341
709	442
709	469
709	891
709	920
712	200
712	213
712	235
712	236
712	246
712	271
712	287
712	330
712	365
712	367
712	373
712	384
712	426
712	434
712	445
712	452
712	463
712	478
712	522
712	551
712	580
712	583
712	586
712	652
712	655
712	663
712	664
712	665
712	682
712	689
712	707
712	722
712	723
712	727
712	733
712	747
712	752
712	764
712	774
712	775
712	778
712	779
712	822
712	824
712	826
712	834
712	836
712	837
712	841
712	847
712	853
712	857
712	858
712	866
712	867
712	868
712	872
712	874
712	886
712	893
712	933
712	957
712	973
712	975
712	986
712	999
713	277
713	318
713	347
713	379
713	398
713	399
713	424
713	437
713	457
713	559
713	564
713	568
713	571
713	579
713	595
713	640
713	697
713	735
713	769
713	770
713	867
713	892
713	901
713	904
713	945
714	299
714	316
714	373
714	374
714	533
714	562
714	565
714	578
714	639
714	661
714	684
714	860
714	960
714	991
715	207
715	235
715	237
715	238
715	263
715	330
715	353
715	365
715	374
715	396
715	398
715	445
715	472
715	508
715	510
715	538
715	552
715	557
715	565
715	568
715	576
715	594
715	625
715	636
715	640
715	643
715	667
715	668
715	669
715	673
715	689
715	693
715	744
715	758
715	778
715	805
715	822
715	824
715	831
715	857
715	863
715	868
715	875
715	905
715	926
715	985
716	216
716	252
716	400
716	401
716	462
716	553
716	556
716	583
716	595
716	673
716	691
716	763
716	826
716	904
716	934
717	218
717	225
717	294
717	308
717	312
717	318
717	333
717	340
717	507
717	532
717	536
717	656
717	659
717	684
717	718
717	733
717	777
717	831
717	852
717	854
717	981
717	996
718	232
718	259
718	287
718	343
718	357
718	417
718	550
718	580
718	623
718	687
718	697
718	715
718	750
718	790
718	813
718	816
718	918
718	923
718	954
719	353
719	379
719	397
719	446
719	485
719	498
719	541
719	544
719	548
719	555
719	559
719	595
719	643
719	685
719	764
719	837
719	867
720	290
720	455
720	867
720	888
721	544
721	558
724	239
724	267
724	337
724	423
724	593
724	646
724	753
724	878
724	899
724	968
724	982
727	252
727	266
727	289
727	346
727	362
727	403
727	591
727	796
727	864
731	230
731	282
731	327
731	439
731	479
731	536
731	656
731	662
731	782
731	805
732	353
732	403
732	405
732	444
732	770
732	804
732	822
732	925
734	232
734	512
734	818
734	888
740	218
740	227
740	230
740	290
740	350
740	432
740	465
740	521
740	550
740	557
740	578
740	707
740	709
740	772
740	792
740	820
740	847
740	892
747	200
754	959
757	278
757	298
757	308
757	334
757	345
757	395
757	441
757	449
757	475
757	649
757	656
757	759
757	779
757	830
757	908
757	927
758	758
760	200
760	326
760	572
760	657
760	752
760	770
760	804
760	805
760	903
760	905
760	971
762	333
762	524
762	887
763	207
763	230
763	231
763	233
763	252
763	355
763	392
763	444
763	445
763	546
763	548
763	567
763	635
763	656
763	662
763	675
763	797
763	951
763	981
765	225
765	246
765	258
765	296
765	326
765	332
765	384
765	436
765	443
765	487
765	498
765	525
765	533
765	538
765	547
765	564
765	567
765	568
765	572
765	587
765	641
765	660
765	671
765	738
765	798
765	922
765	948
765	963
767	440
767	500
769	487
770	215
770	263
770	281
770	296
770	316
770	392
770	463
770	478
770	525
770	571
770	608
770	615
770	625
770	646
770	729
770	737
770	762
770	782
770	783
770	796
770	809
770	822
770	857
770	869
770	968
772	229
772	248
772	356
772	365
772	402
772	403
772	484
772	934
773	210
773	534
773	590
773	661
773	765
773	956
773	960
773	997
774	241
774	312
774	435
774	450
774	487
774	925
775	218
775	337
775	339
775	368
775	384
775	390
775	408
775	426
775	583
775	588
775	686
775	726
775	755
775	763
775	778
775	882
775	910
775	971
778	230
778	245
778	316
778	430
778	500
778	634
778	734
778	993
779	214
779	236
779	400
779	432
779	475
779	772
779	777
780	202
780	225
780	305
780	350
780	463
780	499
780	519
780	656
780	663
780	702
780	772
780	854
781	201
781	410
781	476
781	559
781	634
781	780
781	825
781	854
784	431
784	482
785	237
785	246
785	252
785	253
785	362
785	398
785	426
785	468
785	572
785	598
785	624
785	721
785	847
785	890
785	891
785	914
785	998
786	207
786	234
786	302
786	415
786	664
787	205
787	339
787	350
787	387
787	540
787	578
787	582
787	626
787	634
787	654
787	680
787	713
787	742
787	771
787	800
787	892
787	916
787	972
787	990
787	997
801	214
801	309
801	365
801	503
801	567
801	569
801	573
801	600
801	630
801	656
801	667
801	794
801	810
801	865
801	873
801	876
801	884
801	981
802	228
802	285
802	319
802	365
802	375
802	384
802	395
802	436
802	439
802	450
802	485
802	522
802	549
802	587
802	747
802	756
802	758
802	796
802	839
802	880
802	892
802	897
803	200
803	263
803	266
803	286
803	339
803	553
803	591
803	622
803	625
803	656
803	707
803	818
803	880
803	944
803	952
803	981
804	353
804	468
804	742
804	824
804	855
805	324
805	337
805	492
805	568
805	615
805	757
805	808
805	819
805	828
805	837
805	845
805	861
805	869
805	999
806	272
806	299
806	350
806	356
806	360
806	384
806	439
806	578
806	635
806	650
806	677
806	754
806	847
806	898
806	925
806	987
806	990
807	221
807	271
807	363
807	467
807	626
807	934
807	982
808	237
808	343
808	355
808	360
808	399
808	459
808	562
808	660
808	682
808	772
808	861
809	209
809	283
809	298
809	306
809	312
809	328
809	427
809	486
809	718
809	738
809	856
809	885
809	913
809	930
809	946
809	976
810	292
810	429
810	512
810	583
810	812
810	828
810	931
810	957
812	206
812	225
812	271
812	278
812	350
812	398
812	442
812	496
812	531
812	569
812	574
812	577
812	578
812	588
812	589
812	610
812	623
812	636
812	637
812	687
812	694
812	718
812	720
812	748
812	836
812	848
812	874
813	239
813	246
813	303
813	373
813	388
813	504
813	638
813	675
813	781
813	843
813	881
813	921
813	926
814	219
814	254
814	264
814	280
814	298
814	323
814	342
814	354
814	365
814	393
814	398
814	405
814	418
814	519
814	537
814	561
814	585
814	697
814	747
814	766
814	775
814	805
814	906
814	910
814	966
814	982
814	996
815	231
815	239
815	256
815	292
815	362
815	363
815	373
815	392
815	412
815	426
815	442
815	457
815	495
815	547
815	704
815	737
815	747
815	750
815	763
815	790
815	856
815	872
815	882
815	934
815	991
816	270
816	282
816	293
816	398
816	465
816	528
816	592
816	671
816	678
816	698
816	798
816	840
816	872
816	919
817	221
817	384
817	406
817	524
817	526
817	546
817	554
817	559
817	612
817	636
817	664
817	675
817	721
817	747
817	790
817	910
817	948
818	210
818	378
818	388
818	417
818	529
818	594
818	703
818	719
818	725
818	755
818	864
818	954
818	989
819	214
819	248
819	308
819	336
819	345
819	352
819	363
819	386
819	445
819	474
819	519
819	538
819	548
819	684
819	738
819	795
819	800
819	882
828	300
828	410
828	426
828	445
828	459
828	486
828	494
828	595
828	605
828	640
828	654
828	656
828	778
828	802
828	833
828	891
828	897
829	236
829	239
829	304
829	527
829	534
829	699
829	766
829	782
829	787
829	801
829	808
829	930
830	221
830	233
830	385
830	433
830	456
830	477
830	514
830	549
830	570
830	609
830	640
830	733
830	816
830	864
830	929
830	966
830	981
831	254
831	665
831	693
831	705
831	718
832	206
832	228
832	330
832	412
832	464
832	860
843	219
843	223
843	259
843	261
843	265
843	342
843	344
843	348
843	365
843	370
843	384
843	426
843	436
843	562
843	563
843	567
843	583
843	585
843	589
843	644
843	694
843	713
843	718
843	733
843	889
843	899
843	923
843	952
843	997
845	221
845	355
845	465
845	473
845	524
845	617
845	778
845	784
845	825
845	839
845	879
845	956
847	386
847	461
847	493
847	586
847	871
847	873
847	878
847	896
847	968
847	990
848	391
849	860
849	917
850	221
850	238
850	262
850	285
850	327
850	382
850	399
850	433
850	456
850	466
850	502
850	518
850	617
850	697
850	721
850	742
850	743
850	826
850	864
850	875
850	883
850	910
856	222
856	237
856	306
856	370
856	483
856	574
856	996
857	256
857	362
857	401
857	756
858	405
858	518
858	795
858	875
859	207
859	208
859	241
859	336
859	368
859	386
859	433
859	519
859	555
859	635
859	643
859	697
859	734
859	805
859	960
859	966
859	982
859	996
860	268
860	501
860	546
860	549
860	671
860	732
860	742
860	913
860	968
862	772
863	572
863	944
863	949
864	217
864	256
864	257
864	274
864	276
864	288
864	349
864	360
864	365
864	391
864	461
864	472
864	545
864	561
864	642
864	679
864	682
864	787
864	819
864	910
864	936
864	962
865	207
865	241
865	266
865	357
865	395
865	414
865	455
865	474
865	828
865	873
865	918
865	966
867	334
867	573
867	588
868	356
868	762
868	770
868	793
869	363
869	467
869	469
870	222
870	328
870	348
870	443
870	445
870	447
870	449
870	494
870	542
870	547
870	553
870	613
870	689
870	753
870	768
870	772
870	786
870	859
870	881
870	937
870	945
870	957
870	966
872	237
876	232
876	466
876	505
876	506
876	574
876	584
901	223
901	307
901	362
901	405
901	687
901	762
901	788
901	827
902	362
902	363
902	367
902	450
902	537
902	650
902	732
902	741
902	808
902	831
902	872
903	303
903	330
903	343
903	491
903	588
903	613
903	672
903	713
903	719
903	745
903	789
903	825
903	922
903	946
903	947
903	978
903	982
903	994
904	244
904	259
904	319
904	365
904	371
904	446
904	533
904	626
904	642
904	808
904	868
904	949
905	205
905	240
905	393
905	397
905	422
905	429
905	488
905	656
905	695
905	729
905	778
905	828
905	871
905	878
905	923
905	952
905	954
905	989
906	233
906	274
906	283
906	291
906	353
906	366
906	437
906	472
906	485
906	771
906	833
906	883
906	892
906	914
906	950
907	225
907	259
907	268
907	294
907	380
907	398
907	424
907	426
907	429
907	439
907	448
907	464
907	472
907	479
907	496
907	524
907	544
907	547
907	569
907	572
907	580
907	588
907	656
907	675
907	691
907	720
907	721
907	729
907	739
907	773
907	892
907	934
907	968
907	995
908	206
908	207
908	237
908	287
908	318
908	350
908	374
908	383
908	402
908	426
908	507
908	526
908	682
908	698
908	732
908	747
908	763
908	778
908	834
908	841
908	847
908	943
909	213
909	215
909	330
909	447
909	635
909	866
910	231
910	281
910	288
910	298
910	344
910	398
910	454
910	473
910	483
910	559
910	588
910	649
910	713
910	721
910	765
910	797
910	817
910	836
912	210
912	282
912	304
912	345
912	384
912	401
912	403
912	437
912	450
912	479
912	488
912	523
912	527
912	529
912	601
912	693
912	756
912	778
912	851
912	865
912	961
913	279
913	285
913	439
913	578
913	592
913	596
913	652
913	662
913	713
913	757
913	777
913	849
913	947
913	982
914	205
914	458
914	482
914	503
914	612
914	672
914	701
914	910
915	205
915	222
915	593
915	779
915	808
915	828
915	938
916	288
916	359
916	527
916	551
916	564
916	766
916	770
916	822
916	881
916	912
916	952
916	968
916	998
917	237
917	288
917	308
917	393
917	416
917	469
917	562
917	619
917	670
917	671
917	783
917	791
917	864
917	899
918	222
918	233
918	241
918	267
918	334
918	359
918	365
918	375
918	391
918	398
918	455
918	457
918	506
918	516
918	522
918	524
918	537
918	546
918	565
918	575
918	593
918	598
918	656
918	678
918	717
918	740
918	750
918	757
918	778
918	793
918	819
918	827
918	839
918	873
918	875
918	913
918	920
918	985
919	224
919	235
919	257
919	275
919	296
919	402
919	410
919	469
919	548
919	568
919	676
919	680
919	744
919	882
919	918
919	939
920	206
920	245
920	250
920	255
920	257
920	328
920	346
920	348
920	358
920	384
920	439
920	456
920	495
920	517
920	553
920	576
920	596
920	615
920	667
920	699
920	710
920	737
920	772
920	789
920	826
920	837
920	848
920	899
920	955
920	981
920	990
920	995
925	228
925	371
925	676
925	738
925	754
925	818
928	322
928	334
928	342
928	475
928	479
928	606
928	638
928	658
928	667
928	688
928	718
928	727
928	859
928	863
928	875
928	920
929	233
931	235
931	249
931	394
931	434
931	474
931	485
931	532
931	559
931	583
931	721
931	808
931	845
936	205
936	365
936	442
936	566
936	586
936	800
937	407
937	425
937	427
937	508
937	540
937	630
937	638
937	639
937	650
937	652
937	673
937	728
937	751
937	837
937	855
937	874
937	881
937	962
938	223
938	238
939	242
940	223
940	249
940	256
940	325
940	330
940	345
940	442
940	476
940	495
940	498
940	524
940	562
940	564
940	674
940	727
940	733
941	207
941	441
941	559
941	727
941	795
941	921
941	954
947	428
949	424
949	443
949	580
949	613
949	766
949	809
951	526
951	842
951	905
952	447
952	540
952	601
952	852
952	892
954	224
954	264
954	273
954	298
954	367
954	543
954	565
954	625
954	818
954	848
954	904
954	996
956	247
956	318
956	327
956	341
956	346
956	359
956	388
956	401
956	419
956	439
956	503
956	507
956	588
956	622
956	631
956	656
956	743
956	772
956	908
956	936
970	200
970	223
970	228
970	236
970	263
970	286
970	324
970	358
970	365
970	373
970	379
970	421
970	425
970	448
970	524
970	562
970	564
970	621
970	623
970	656
970	662
970	682
970	735
970	790
970	805
970	856
970	864
970	870
970	897
971	205
971	210
971	231
971	243
971	244
971	248
971	256
971	271
971	925
972	308
972	309
972	450
972	552
972	634
972	640
972	778
972	818
973	214
973	217
973	333
973	391
973	427
973	471
973	554
973	555
973	567
973	607
973	707
973	709
973	764
973	793
973	852
973	864
973	895
973	919
978	342
978	433
978	621
978	713
978	780
978	826
978	832
978	877
979	234
979	322
979	562
979	900
979	960
979	964
979	992
980	613
985	254
985	327
985	359
985	365
985	429
985	515
985	531
985	548
985	622
985	692
985	727
985	745
985	772
985	787
985	792
985	804
985	819
989	285
989	292
989	553
989	629
989	661
989	668
989	687
989	787
989	799
989	825
989	849
989	866
989	932
989	977
