0003	207	763
0004	207	445
0007	207	334
0010	207	269
0015	207	268
0019	207	225
0020	207	926
0021	859	966
0022	207	727
0024	207	397
0024	207	654
0025	207	787
0027	207	638
0029	207	568
002A	876	466
002A	876	505
002A	876	584
0030	906	771
0034	207	434
0035	774	925
0036	413	467
0038	603	278
0039	603	495
0042	603	255
0043	603	774
0047	603	456
004D	915	222
0050	603	654
0051	805	337
0053	802	285
0055	302	506
0058	802	228
0059	516	892
0061	802	485
0064	802	897
0065	518	982
0066	865	357
0068	802	439
0069	802	758
0071	607	356
0072	518	327
0073	518	784
0076	716	595
0078	716	252
0079	518	962
0081	315	324
0084	413	738
0085	518	597
0089	607	693
0091	716	673
0095	631	788
0096	607	243
0096	607	347
0096	607	563
0096	845	355
0099	607	637
009B	646	257
0100	845	778
0105	518	296
0106	315	892
0109	716	763
0110	585	392
0111	315	865
0112	315	548
0116	518	887
0118	315	365
0121	585	533
0122	585	657
0125	518	756
0128	845	221
0129	315	639
0131	607	387
0132	254	641
0135	973	764
0138	908	237
0145	724	239
0148	920	553
0149	717	294
0151	570	966
0152	570	673
0155	678	799
0156	724	423
0161	570	682
0161	570	879
0162	610	385
0165	717	733
0168	717	656
0169	610	693
0169	717	225
0169	717	308
0169	717	852
0169	717	854
0169	814	254
0169	814	398
016D	302	384
0170	717	312
0173	205	536
0175	610	794
0176	814	365
0177	570	685
0178	570	467
0179	724	593
0183	570	797
0185	724	267
0189	724	899
018A	352	469
018A	407	777
018A	904	365
0191	570	756
0194	814	697
0195	814	966
0200	724	646
0201	570	559
0204	570	937
0206	570	725
0208	859	241
0208	859	960
0209	717	218
0209	717	532
0209	717	536
0209	717	684
0209	724	753
0209	814	766
0210	814	354
0216	410	658
0219	434	689
0220	276	472
0225	540	763
0226	540	747
0233	540	659
0233	703	491
0233	703	630
0233	703	643
0233	804	742
0237	540	474
0238	540	925
0239	540	363
0244	434	656
0248	276	479
0249	540	966
0250	540	436
0253	540	839
0254	276	251
0254	276	673
0254	434	538
0256	304	824
0257	304	567
0258	304	875
0267	304	643
0270	304	432
0270	304	724
0277	724	878
0282	205	559
0283	256	586
0284	205	398
0285	251	966
0286	256	360
0291	850	697
0295	334	814
0299	334	548
029F	775	384
0300	205	466
0301	205	596
0302	205	702
0305	334	562
0307	205	371
0308	256	728
030F	828	595
0311	205	697
0312	205	625
0314	256	643
0316	205	472
0317	334	863
0324	334	756
0328	727	346
0328	727	796
0328	727	864
0328	813	239
0328	813	246
0328	813	881
0328	813	926
0328	941	727
0328	941	795
0328	941	921
0328	941	954
0332	940	564
0334	857	756
0335	904	259
0338	850	875
0340	850	617
0340	850	864
0340	904	533
0341	239	344
0341	239	434
0344	912	345
0347	912	778
0348	912	865
0354	706	375
0356	912	756
0357	706	783
0358	912	437
0360	706	697
0362	770	796
0364	229	723
0365	912	523
0368	706	376
0369	478	892
0371	334	644
0375	770	737
0376	912	851
0377	478	589
0379	912	529
0381	706	269
0382	706	935
0386	706	947
0387	912	488
0389	706	398
0392	706	582
0394	706	456
0395	478	628
0396	270	334
0398	270	422
0401	270	379
0402	502	908
0404	334	779
0406	606	673
0408	606	479
0413	270	728
0414	606	743
0417	270	988
0419	606	447
0421	731	782
0423	318	992
0424	337	667
0425	337	538
0427	318	246
0428	337	685
0430	337	328
0431	870	859
0431	903	672
0433	985	787
0434	337	588
0435	318	874
0436	318	244
0439	318	894
0440	225	777
0441	225	625
0445	434	850
0446	601	546
0447	662	412
0448	662	682
0451	601	635
0453	601	845
0454	662	272
0455	662	652
0457	662	839
0458	662	892
0460	662	348
0460	662	462
0461	662	724
0463	573	357
0466	662	569
0467	662	651
0468	910	721
0470	336	993
0470	910	298
0470	910	483
0471	336	368
0472	913	947
0474	704	793
0476	910	281
0480	806	272
0485	336	234
0491	336	883
0494	704	889
0496	336	879
0497	336	752
0500	910	649
0501	828	897
0502	910	588
0503	336	371
0505	252	935
0506	803	625
0509	828	656
0510	336	973
0511	336	284
0515	864	461
0517	864	472
0520	843	426
0523	843	342
0526	864	962
0527	843	899
0528	843	365
0531	803	286
0532	864	545
0535	803	263
0536	843	562
0538	864	682
0542	803	981
0544	843	567
0550	864	391
0551	803	266
0552	662	667
0553	931	394
0554	423	881
0558	973	333
0559	865	966
0561	731	656
0565	423	627
0570	931	845
0573	615	655
0574	423	238
0576	931	721
0577	865	828
0578	423	261
0579	615	897
0583	731	662
0585	419	894
0589	419	939
0590	419	398
0594	937	652
0597	740	772
0598	419	748
059B	246	537
0603	903	745
0604	419	659
0607	419	596
0612	419	758
0613	513	875
0615	419	373
0615	734	888
0615	740	432
0615	740	465
0615	937	837
0615	937	962
0618	937	855
0625	419	532
0626	631	802
0627	419	926
0630	440	963
0634	740	820
0640	567	940
0644	419	652
0645	419	594
0649	440	685
0650	419	453
0651	330	895
0654	419	267
0656	419	899
0661	330	772
0661	419	228
0661	440	294
0661	740	557
0661	740	892
0662	419	387
0663	419	646
0665	419	822
0666	330	656
0669	616	892
0671	231	867
0672	269	731
0675	906	353
0676	269	721
0677	231	448
0679	269	521
0680	906	437
0681	269	466
0685	906	892
0688	269	746
0689	906	283
0691	517	447
0694	989	661
0695	231	760
0695	269	668
0695	269	751
0704	231	269
0706	502	352
0708	989	932
0711	906	472
0713	906	274
0714	517	443
0717	906	883
0720	231	223
0721	231	585
0725	517	436
0726	517	625
072F	334	625
0732	231	762
0734	517	286
0737	989	866
0738	989	687
0742	765	498
0744	574	652
0747	765	567
0750	765	948
0751	260	694
0759	812	687
0769	715	640
0771	765	258
0772	219	778
0772	260	421
0772	574	566
0772	574	889
0772	812	442
0775	765	533
0776	765	246
0777	317	892
0778	765	525
0779	812	398
077F	803	339
0788	765	798
0790	219	253
0792	765	296
0796	765	332
0797	574	832
0800	219	345
0801	812	636
0807	812	836
0809	812	874
0813	574	595
0815	574	224
0816	812	694
0818	765	963
081E	778	734
0821	254	999
0822	240	406
0822	402	601
0822	405	886
0822	480	335
0822	702	776
0822	724	968
0822	740	792
0822	832	206
0822	832	412
0825	812	623
0826	765	922
0827	765	384
0828	765	436
0830	765	538
0831	765	564
0832	219	828
0832	260	691
0832	574	371
0832	574	867
0837	765	572
0841	715	822
0843	715	824
0844	715	238
0847	608	762
0848	262	296
0848	815	292
0849	608	766
0850	715	568
0851	715	758
0855	715	868
0856	262	539
0857	920	837
0863	715	237
0865	715	263
0866	608	248
0868	608	457
0870	715	365
0877	920	346
0879	715	689
0880	608	763
0881	608	833
0886	262	626
0886	608	340
0886	715	396
0889	715	594
0892	608	489
0895	608	738
0895	608	796
0898	920	667
0899	608	985
0902	715	472
0905	920	596
0908	608	586
0910	715	857
0912	715	926
0913	608	272
0914	920	772
0915	715	693
0917	608	845
0918	715	673
0922	715	667
0924	715	398
0925	920	826
0930	608	533
0931	920	348
0936	715	353
0938	920	899
0942	608	538
0943	920	699
0945	715	445
0946	262	736
0946	815	737
0950	320	655
0950	715	374
0952	262	514
0953	715	778
0954	920	439
0955	262	743
0956	715	668
0959	715	669
095A	870	957
0960	715	985
0963	608	966
0966	608	625
0967	608	637
0968	608	850
0971	715	875
0972	575	817
0975	269	205
0976	217	647
0977	740	521
0978	618	675
0983	309	521
0984	217	476
0990	217	889
0993	618	966
0999	320	222
1000	217	283
1000	217	849
1000	815	457
1003	618	824
1004	309	527
1011	217	797
1012	618	584
1015	217	275
1015	217	794
1015	217	829
1015	217	833
1015	618	687
1015	618	968
1015	815	495
1015	815	547
1015	815	872
1015	815	934
1016	309	949
1023	309	747
1024	618	728
1026	618	935
1029	309	935
1032	618	644
1036	608	677
1036	815	239
1036	815	362
1037	217	774
1038	217	768
103G	530	500
1041	815	392
1046	815	856
1047	309	325
1048	815	882
1049	618	888
1050	815	750
1053	309	367
1054	309	778
1055	217	457
1058	217	925
1060	217	873
1061	217	796
1065	217	382
1066	309	483
1067	309	526
107D	301	328
1085	670	878
1086	815	442
1087	309	596
1088	618	673
1092	815	256
1094	641	447
1097	563	672
1098	712	689
1101	319	446
1105	712	426
1106	563	426
1107	563	673
1109	507	392
1112	712	822
1113	641	522
1115	319	276
1118	563	686
1119	641	746
111D	313	528
1121	563	487
1123	320	877
1123	641	586
1123	712	682
1125	563	225
1127	712	365
1128	402	993
1129	641	664
1130	563	452
1132	641	357
1133	712	723
1139	319	685
1141	712	664
1142	417	341
1142	479	229
1143	479	238
1144	501	843
1146	712	774
1147	319	392
114F	615	984
1150	563	843
1153	319	822
1155	715	643
1156	319	935
1157	515	836
1158	515	438
1159	715	538
1160	563	246
1162	319	479
1163	254	623
1163	432	297
1163	806	299
1163	870	772
1164	575	391
1165	918	455
1166	319	256
1167	515	367
1167	515	388
1167	563	928
1167	641	393
1167	660	581
1167	712	452
1168	712	747
1169	641	642
1170	319	824
1171	319	827
1172	641	749
1173	319	453
1174	712	586
1177	641	982
1178	319	456
1178	319	696
1178	660	877
1179	515	889
117F	385	200
117F	385	244
1181	903	789
1183	217	482
1183	217	847
1183	217	852
1183	608	748
1183	815	747
1188	515	825
1189	712	837
1189	712	867
1190	435	613
1191	563	847
1193	505	583
1195	712	778
1199	563	427
1202	712	752
1203	641	864
1205	515	769
1206	712	583
1209	641	765
1212	515	384
1213	712	886
1214	319	656
1215	646	369
1217	319	439
1220	319	342
1222	563	437
1225	515	548
1226	320	490
1229	563	486
1229	563	826
1230	563	536
1231	575	464
1237	712	764
1238	319	482
1239	712	779
1241	563	432
1242	563	682
1245	515	677
1246	641	487
1247	319	667
1250	319	868
1252	712	722
1257	319	664
1259	712	727
1260	712	271
1261	712	857
1262	641	762
1265	563	485
1266	319	638
1269	319	851
1271	641	755
1273	712	434
1274	563	864
1276	563	689
1277	515	899
1278	319	279
127G	540	559
1280	712	866
1282	641	894
1283	712	933
1285	712	367
1291	712	384
1292	641	593
1293	319	683
1294	712	652
1297	641	920
1298	319	625
129G	830	514
129G	979	900
1301	712	824
1302	319	854
1303	515	826
1304	319	857
1305	515	838
1307	712	858
1309	712	853
1310	515	924
1316	712	834
1319	319	494
1320	319	228
1322	641	829
1324	712	826
1327	712	836
1329	319	646
1331	712	445
1332	319	627
1334	712	874
1335	712	663
1336	563	732
1338	507	265
1342	515	839
1343	563	488
1345	563	745
1346	507	542
1347	320	845
1350	218	682
1356	320	294
1358	641	948
1367	952	892
1369	202	428
1370	320	847
1372	507	692
1373	320	745
1374	218	482
1375	507	549
1381	507	695
1383	218	756
1384	507	787
1387	218	763
1390	320	793
1391	218	962
1396	320	524
1404	563	883
1405	712	478
1406	507	962
1408	507	754
1409	320	234
1411	602	443
1412	507	365
1414	763	675
1417	205	748
1419	507	472
1421	507	493
1422	507	744
1423	320	283
1424	563	737
1426	507	845
142C	417	707
1430	320	548
1431	218	738
1433	320	796
1440	507	878
1442	507	359
1443	218	863
1447	701	398
1449	907	524
1450	218	747
1451	218	246
1453	218	743
1454	507	367
1456	763	981
1460	684	254
1474	218	867
1475	218	685
1475	320	284
1476	320	765
1479	952	447
1482	763	662
1483	507	439
1484	509	772
1485	563	492
1487	320	239
1488	360	915
1494	320	573
1495	605	694
1499	218	692
1501	218	564
1502	507	723
1508	507	647
1509	701	998
150C	504	931
1510	507	777
1512	218	995
1515	507	732
1517	402	931
1518	308	228
1519	920	955
1525	605	834
1526	308	697
1530	308	362
1531	402	535
1532	308	643
1533	662	787
1537	308	682
1540	402	793
154E	226	400
154E	250	999
154E	819	800
1553	402	756
1555	402	849
1556	402	254
1557	308	375
1559	402	723
1561	308	368
1562	308	582
1563	402	567
1565	402	482
1567	308	726
1568	402	461
1568	402	772
1568	712	973
1574	308	468
1576	402	632
1577	605	288
1577	785	237
1577	970	448
157F	971	256
1582	402	582
1586	402	244
1591	402	883
1592	402	439
1597	308	397
1601	701	896
1607	605	564
1611	701	669
1615	701	797
1616	701	633
1617	701	628
1622	701	437
1625	701	925
1630	701	384
1631	605	533
1632	701	385
1636	701	697
1638	406	877
1640	605	724
1642	605	934
1647	605	733
1649	605	763
1650	605	697
1651	507	548
1653	605	967
1654	605	479
1655	605	772
1659	308	453
1659	605	859
1660	605	384
1662	701	736
1664	701	992
1666	605	966
1667	605	837
1668	605	895
1669	605	246
1670	605	337
1670	605	894
1671	605	845
1674	701	634
1676	605	935
1677	605	363
1679	605	756
1680	605	287
1680	701	443
1681	701	883
1684	605	528
1685	605	439
1686	402	774
1688	605	392
1689	406	972
1691	870	447
1692	501	592
1697	501	384
1698	870	348
1701	864	819
1702	870	689
1706	870	966
1709	479	559
1710	479	947
1713	870	445
1718	479	824
1720	501	397
1721	870	328
1724	870	547
1726	870	553
1727	318	571
1729	870	542
1733	870	449
1734	479	495
1746	402	248
1750	608	509
1756	620	429
1758	620	767
1759	620	643
1764	620	697
1772	970	421
1777	785	398
1778	785	998
1780	620	456
1781	785	252
1785	402	247
1788	620	892
1791	620	496
1798	219	809
1799	701	952
1801	620	427
1809	620	897
1810	913	592
1810	913	849
1811	573	341
1811	660	582
1811	660	595
1811	712	287
1811	816	270
1812	620	479
1814	913	757
1816	620	274
1817	719	498
1820	785	847
1826	308	652
1827	719	397
1831	620	294
1833	620	476
1835	785	891
1839	785	598
1840	785	468
1841	620	385
1847	620	782
1854	618	639
1860	660	674
1865	660	237
1866	479	822
1874	573	461
1876	573	249
1882	573	237
1882	573	437
1885	660	533
1885	660	564
1885	870	937
1886	417	436
1887	417	472
1888	660	878
1888	660	944
1890	660	644
1893	417	749
1900	417	966
1901	573	254
1908	417	628
1914	660	892
1917	660	458
1920	417	452
1927	573	835
1928	573	985
1929	660	935
1931	660	874
1932	816	528
1935	660	446
1936	417	277
1941	518	968
1945	918	985
1949	573	743
1958	609	556
1968	918	267
1969	918	365
1972	202	455
1974	918	334
1976	580	637
1977	918	375
1979	918	546
1981	918	598
1982	918	757
1984	918	827
1988	806	754
1995	405	457
1997	830	733
2006	405	391
2008	580	529
2010	580	265
2011	918	778
2013	918	656
2014	918	522
2016	575	451
2016	580	338
2016	580	837
2017	580	981
2018	580	537
2018	580	864
2022	918	593
2023	918	793
2025	580	675
2029	580	437
2032	580	933
2034	918	678
2038	903	982
2040	979	964
2041	940	345
2043	940	524
2059	979	562
205B	678	237
2060	254	639
2061	940	476
2065	903	994
2068	936	365
2069	940	495
206A	904	446
2071	806	925
2072	281	391
2073	956	936
2076	361	771
2083	830	981
2084	254	248
2084	903	825
2086	830	640
2090	956	419
2091	281	246
2093	979	992
2094	419	613
2097	830	864
2101	940	498
2103	361	874
2104	936	566
2105	254	728
2109	936	442
2112	806	847
2114	254	699
2114	817	636
2116	940	727
2118	809	856
2118	809	885
2118	809	913
2118	829	787
2118	829	801
2118	829	808
2118	829	930
2118	849	860
2118	849	917
2130	903	588
2131	806	439
2134	361	294
2135	830	966
2141	940	674
2150	903	947
2152	817	546
2153	817	910
2154	817	221
2159	956	743
215A	702	483
215F	567	331
2166	806	578
2168	432	398
2169	928	475
2170	806	384
2171	928	479
2172	928	718
2174	928	859
2176	575	548
2178	719	764
2179	520	796
2180	612	454
2181	303	769
2182	719	379
2184	970	856
2185	970	524
2186	719	446
2188	970	562
2192	719	541
2193	970	864
2194	970	897
2195	719	837
2198	719	485
2199	970	358
2200	702	535
2202	303	849
2203	719	643
2206	970	735
2207	303	622
2209	970	656
2210	970	228
2213	208	824
2214	307	353
2218	208	894
2219	208	299
2220	775	755
2221	208	452
2222	208	652
2226	208	636
2227	208	778
2230	208	276
2231	208	434
2235	208	942
2240	785	914
2241	406	741
2242	406	882
2243	418	780
2243	579	237
2246	701	688
2247	701	982
2249	406	982
2250	307	645
2251	307	878
2254	406	689
2255	406	733
2259	575	375
2262	575	849
2263	575	387
2265	575	682
2270	575	365
2272	575	274
2274	505	782
2277	801	873
2278	435	748
2279	435	528
2283	801	667
2286	928	875
2287	435	738
2288	435	782
2289	307	422
228C	301	690
2290	307	497
2295	208	564
2295	208	574
2296	307	867
2297	970	365
2299	307	367
2308	707	786
2313	559	850
2318	530	367
2319	310	506
2319	559	332
2319	562	496
2319	562	693
2319	562	997
2319	626	334
2319	626	480
2319	626	633
2319	626	812
2319	714	373
2319	714	374
2319	714	960
2319	760	200
2319	760	770
2319	805	492
2319	805	568
2319	909	447
2321	530	286
2322	209	376
2323	760	572
2332	559	877
2334	916	770
2339	530	467
2342	209	928
2343	209	296
2346	831	693
2348	702	564
2348	702	734
2349	775	426
2350	575	226
2351	775	390
2351	775	726
2353	702	398
2354	775	778
2356	702	345
2359	503	518
2360	530	946
2362	503	266
2363	503	631
2364	503	824
2373	503	792
2376	541	457
2377	541	384
2383	503	759
2385	541	847
2386	503	845
2387	503	368
2389	541	448
2390	208	583
2392	541	629
2393	541	925
2396	503	633
2397	503	394
2404	541	828
2408	360	494
2408	509	796
2410	509	673
2412	509	698
2418	509	446
2419	360	898
2424	971	244
2427	360	238
2429	702	273
2430	360	985
2431	360	879
2432	615	772
2437	509	549
2442	509	648
2446	360	278
2447	360	864
2451	360	484
2452	360	221
2453	360	894
2455	785	426
245E	869	363
2466	270	656
2466	502	335
2466	502	391
2474	507	613
247F	581	240
247F	581	243
247F	581	257
247F	819	519
250F	931	559
2514	484	616
2518	269	238
2521	304	427
2522	412	850
2524	480	537
252F	530	881
2542	910	765
2547	786	664
2548	317	942
2550	231	792
2550	810	512
2554	202	969
2554	443	247
2554	443	697
2554	804	468
2564	701	365
2577	701	849
259E	779	400
2607	330	804
2607	567	435
2612	516	722
2623	859	697
2630	320	982
2640	202	335
2680	609	858
2680	908	374
2680	973	852
2681	814	393
2687	234	595
2688	479	733
2695	202	536
2696	302	650
2704	304	217
2704	304	371
2709	718	580
271E	706	841
2739	202	451
2741	205	355
2776	519	789
2782	343	359
2782	647	789
2782	905	393
2782	905	397
2801	202	370
2817	775	339
2817	775	583
2818	971	231
281E	443	982
2842	319	237
2889	727	362
2894	417	613
2899	857	401
2902	704	255
2918	767	500
2933	403	697
2933	604	295
293C	508	779
293C	774	241
2953	830	233
2961	302	412
2964	765	326
2966	615	538
2967	785	721
2978	309	272
2989	908	834
2999	715	565
3000	907	380
3000	907	569
3000	907	729
3002	907	968
3003	907	464
3004	907	675
3005	907	773
3007	907	424
3008	907	479
3011	907	656
3013	907	225
3015	907	892
3016	907	934
3019	907	426
3021	808	355
3023	907	588
3025	907	472
3026	907	547
3027	907	721
3029	540	864
3030	907	294
3032	435	946
3043	608	930
3044	303	396
3048	908	847
3052	208	621
3052	208	712
3057	712	655
3065	701	687
3070	580	391
3074	248	864
3082	830	929
3097	712	200
3099	662	874
309B	937	540
3100	808	237
3100	808	360
3100	808	682
3100	808	861
3106	270	772
3107	859	805
3112	712	957
3139	706	519
3147	613	775
3149	571	333
3185	276	447
3196	903	613
319D	956	507
319D	956	588
3201	787	713
3201	787	742
3201	787	771
3201	787	892
3201	787	997
3210	267	286
3210	484	568
322E	218	600
3231	385	282
3232	504	208
3232	504	667
3234	503	483
3234	971	248
3235	704	817
3235	910	817
324E	702	490
3251	803	656
3268	208	414
3275	573	426
3282	432	607
3285	520	314
3285	623	455
3300	340	772
3303	701	453
3304	541	522
3311	207	677
3312	207	693
3313	207	547
3315	207	826
3316	207	925
3316	207	928
3319	208	707
3331	802	796
3332	802	436
3333	575	358
3334	928	688
3356	573	677
3390	712	580
3395	937	751
3401	541	592
3402	760	326
3410	308	244
3410	605	749
3411	307	765
3436	208	612
3453	803	200
3453	803	818
3456	512	316
3460	401	402
347G	480	646
3493	203	669
3493	203	828
3493	203	930
3493	203	935
3495	859	519
3518	469	721
3521	802	587
3527	713	379
3533	580	620
3535	517	912
3539	971	205
3572	864	349
3583	502	274
3586	440	578
3609	814	805
3610	985	359
3614	319	825
3620	641	713
3639	908	943
364E	843	713
364F	813	638
365C	502	291
365C	502	298
365C	606	802
365C	812	225
3685	787	990
3699	712	665
3700	670	237
3701	440	398
3704	662	718
3706	715	744
3726	903	713
373F	657	202
3751	646	448
3754	207	591
3755	702	344
3759	801	503
3766	252	598
3768	317	533
3786	270	910
3786	859	368
3796	701	636
3798	575	433
3800	671	634
3804	208	833
3806	267	851
3806	570	530
3806	570	749
3806	814	264
3806	814	906
3806	814	910
3806	814	982
3808	217	994
3816	208	878
3839	715	510
383F	289	500
3844	308	637
3866	304	468
3872	941	207
3880	307	444
3910	443	330
3911	850	518
3914	334	699
3922	671	483
3924	406	271
3930	706	477
3945	671	787
394A	784	431
3950	801	214
3950	801	810
3964	916	359
3986	270	571
3994	270	578
4001	270	618
4006	845	617
4006	914	205
4007	412	357
4007	412	567
4007	484	464
4007	814	747
4009	817	747
4012	302	685
4016	401	239
4016	401	371
4017	603	874
4018	413	306
4018	781	780
4024	570	230
4024	610	577
4024	717	831
4029	401	643
4034	441	717
4034	441	734
4034	441	753
4034	441	756
4036	201	450
4036	201	924
4036	215	588
4036	304	673
4036	304	888
4036	315	247
4036	443	326
4036	570	262
4036	570	916
4036	571	228
4036	571	296
4036	571	366
4036	609	529
4036	716	904
4036	717	507
4036	717	659
4036	732	804
4036	860	501
4036	860	671
4036	914	482
4036	914	672
4036	917	288
4036	917	562
4036	917	783
4036	917	864
4044	248	779
4046	940	562
4053	603	371
4054	401	656
4057	787	582
4069	712	999
4079	315	643
4084	978	826
4085	407	770
4085	561	613
4085	954	367
4087	920	328
4088	586	723
4092	712	893
4093	202	742
4107	315	282
4107	315	702
4111	812	588
4115	712	841
4121	207	680
4123	732	444
4125	734	512
4129	650	200
4129	661	232
4131	360	702
4133	586	851
4140	845	956
4145	201	603
4146	435	444
4152	518	831
4152	585	206
4152	646	502
4153	267	488
4155	703	797
4159	401	299
4164	970	790
4165	502	679
4189	319	741
4196	580	690
4211	270	637
4222	406	384
422C	814	775
4233	772	484
4234	217	249
4240	270	346
4245	563	941
4249	202	443
4255	843	370
4256	605	721
4260	205	457
4261	765	568
4263	763	635
4265	615	727
4271	503	586
4272	425	341
4274	718	750
4276	302	624
4285	207	686
4287	207	571
428A	580	659
4294	845	879
4297	905	656
4321	509	872
4322	406	296
4323	503	674
4323	503	693
4323	503	874
4323	541	347
4324	425	956
4332	912	384
4334	919	224
4334	919	402
4334	919	680
4335	843	589
4335	843	889
4337	276	322
4344	214	626
4344	281	421
4344	830	816
4347	586	627
4349	705	482
4361	912	401
4369	270	215
4369	270	261
4369	502	233
438G	713	904
4395	206	210
4401	660	984
4413	701	597
4417	517	383
4418	419	459
4419	928	667
4420	209	387
4420	909	866
4421	775	588
4423	360	826
4425	912	693
4426	928	334
4427	208	328
4429	435	743
4433	575	981
4434	915	828
4438	775	763
4449	928	658
4450	505	371
4451	435	727
4464	334	682
4465	850	327
447D	320	461
4510	423	652
4511	276	637
4511	276	696
4518	828	426
4520	503	322
4521	360	697
4527	814	298
4531	307	836
4537	284	440
4537	284	468
4547	775	218
4547	775	368
4548	620	915
4552	574	598
4553	209	337
4553	805	837
4579	516	875
4580	401	627
4580	401	778
4584	208	215
4586	931	474
4588	971	210
4589	918	537
4600	307	729
4601	304	808
4602	320	593
4606	304	246
4607	815	991
4609	763	207
4611	435	747
4615	251	249
4616	352	389
4616	407	798
4616	850	262
4616	850	721
4617	678	573
4617	678	605
4617	762	333
4618	225	286
4618	985	327
4618	985	365
4619	662	765
4621	803	591
4621	843	583
4621	843	923
4622	423	709
4622	615	784
462C	779	475
4631	337	969
4632	231	902
4632	517	920
4632	810	583
4632	810	828
4632	989	629
4632	989	825
4632	989	849
4635	308	694
4636	912	527
4640	302	306
464D	289	599
464D	289	629
4650	319	527
4660	814	996
4664	228	395
4664	601	363
4664	662	271
468D	956	401
468D	956	908
4697	503	687
4704	812	574
4708	701	356
4715	206	278
4718	509	676
4721	802	450
4724	662	865
4725	202	386
4725	804	855
4727	289	479
4727	450	262
4727	450	520
472B	317	333
4730	843	718
4733	213	235
4733	562	361
4749	240	436
4752	805	615
4768	507	371
4796	563	942
4802	352	507
4802	407	624
4802	407	910
4802	850	502
4803	574	306
4803	812	496
4803	812	718
4804	732	770
4804	862	772
4804	908	287
4804	908	698
4804	908	747
4806	423	973
4806	615	649
4806	731	327
4806	731	439
4809	910	288
4809	919	275
4809	919	296
4809	919	568
4810	570	680
4812	918	391
4814	218	987
4820	240	767
4823	787	205
4823	787	387
4823	939	242
4825	386	450
4835	985	692
4837	779	432
4850	787	350
4852	614	991
4852	740	218
4852	740	847
4857	765	547
4858	864	274
4860	757	656
4863	937	881
4864	251	638
4869	856	306
4878	705	630
4878	709	289
4878	902	363
4878	902	367
4878	902	650
4878	902	732
4878	902	741
4891	636	549
4891	816	872
4893	470	385
4899	763	230
489F	681	201
489F	681	892
4913	915	808
492D	337	504
4930	337	782
4932	573	319
4932	636	487
4932	660	833
4936	251	217
4936	251	650
4938	469	632
4938	469	775
4938	682	738
4942	772	365
4944	832	464
4946	631	606
4948	908	350
4950	203	939
4955	787	800
4959	973	864
4963	614	553
4974	670	588
4976	603	584
4979	540	214
497E	250	909
497E	778	430
4980	971	925
4993	267	200
500F	206	316
5014	541	518
5018	479	922
501D	207	391
5027	208	451
5027	208	741
5111	207	371
5111	207	772
5113	603	432
5113	603	623
5113	603	896
5115	802	365
5115	802	375
5115	802	747
5115	802	892
511C	704	206
5125	570	832
5156	229	519
5159	903	303
516C	234	575
516C	318	568
516C	334	564
516C	534	220
516C	601	875
516C	762	524
516C	785	572
516C	920	358
516C	938	223
516C	938	238
516C	972	308
5178	601	778
5178	662	592
5178	662	593
5178	662	743
5178	662	855
5179	479	439
5221	208	566
5237	785	362
5244	571	234
5245	240	425
5247	913	662
5255	251	418
5255	256	417
5255	256	906
5255	334	408
5257	918	819
5257	918	913
5258	864	642
5272	309	238
5278	662	391
528A	517	883
5307	910	559
532D	518	215
532D	845	524
5338	814	219
5344	843	952
5353	616	795
5361	712	733
5368	575	238
5385	843	644
5395	712	235
5417	712	236
5418	336	677
5447	312	265
5451	217	982
545B	304	554
5468	615	686
5470	575	578
5471	512	503
5490	940	223
5493	267	699
5493	302	448
5494	267	652
5499	325	237
550C	868	762
550C	868	770
550C	868	793
5512	763	231
5512	763	233
5514	731	230
554A	573	538
554A	660	264
554D	868	356
5556	806	350
5562	239	745
5562	475	201
5562	650	290
5562	678	914
5562	786	234
5562	805	324
5562	916	968
5562	929	233
5564	920	255
5580	302	668
5584	812	848
5587	808	562
5620	270	629
5632	937	650
5643	204	881
5643	416	824
5643	450	896
5643	604	727
5643	778	316
5643	905	923
565B	441	523
565B	441	526
565B	441	527
565B	441	591
5672	502	806
5700	956	656
5714	361	264
5714	936	800
5715	256	633
5736	575	455
573F	603	360
5750	941	559
5781	360	345
5807	308	212
5807	402	718
5807	402	969
5812	206	795
5812	253	302
5812	360	601
5812	425	890
5813	918	575
5816	218	451
5816	320	290
5816	320	362
5816	320	805
5818	813	388
5820	503	930
5820	541	215
5820	541	401
5820	971	271
5832	540	395
5832	571	271
5832	757	649
583C	830	433
5869	208	559
588A	970	236
5910	785	890
5917	630	528
591C	989	668
5932	828	640
5956	567	260
5966	240	821
5977	202	621
5994	205	619
6002	601	524
6003	231	384
6003	248	330
6003	248	508
6003	269	491
6003	269	548
6003	517	899
6003	586	246
6003	586	929
6003	616	430
6003	616	540
6003	810	429
6003	810	931
6003	906	291
6003	947	428
6003	989	292
6006	408	313
6006	415	271
6006	424	731
6006	510	828
6006	562	665
6006	661	305
6006	805	757
6006	805	828
6006	805	861
6006	818	378
6006	818	388
6006	951	842
6010	206	992
6010	208	391
6010	208	867
6010	209	247
6010	253	241
6010	303	588
6010	307	365
6010	310	694
6010	406	334
6010	408	718
6010	424	236
6010	505	603
6010	509	733
6010	510	697
6010	510	710
6010	520	548
6010	530	200
6010	541	272
6010	559	355
6010	575	741
6010	575	914
6010	619	307
6010	626	347
6010	707	932
6010	714	299
6010	760	805
6010	775	408
6010	831	254
6010	909	213
6010	909	215
6010	916	952
6010	925	818
6010	970	286
6011	216	483
6013	803	880
6015	308	990
6017	615	208
6017	865	455
6019	843	223
6021	660	384
6023	828	300
6025	234	400
6025	330	606
6025	419	202
6025	419	236
6025	419	344
6025	419	366
6025	513	267
6025	513	441
6025	937	407
6025	937	638
6025	937	728
6031	251	676
6033	281	805
6034	406	451
6036	917	619
6050	240	391
6062	812	748
607D	406	616
607D	406	643
6083	617	677
6083	617	891
6083	978	713
6084	218	331
6088	609	920
6088	908	318
6093	843	261
6098	763	548
6100	561	902
6100	772	248
6100	772	934
6101	508	321
6109	662	972
6114	254	661
6114	325	805
6114	361	792
6114	409	213
6114	432	214
6114	512	772
6114	830	549
6114	956	622
6115	217	631
6115	618	207
6116	229	518
6116	678	666
6117	202	559
6118	303	872
6118	720	888
6118	970	373
6118	970	425
6118	970	805
6119	240	865
6119	240	920
6119	301	859
6119	443	964
611D	503	994
611D	541	873
6120	517	756
6120	989	285
6123	816	398
6125	605	715
6127	315	367
613D	435	292
6145	229	240
6147	972	634
6151	712	775
6155	660	345
6158	765	587
6162	662	806
6168	978	832
6169	507	725
6179	701	683
6181	907	995
6184	802	756
6214	225	717
6214	228	327
6214	229	588
6214	229	848
6214	239	250
6214	239	682
6214	256	201
6214	256	375
6214	270	556
6214	305	333
6214	318	229
6214	318	278
6214	321	537
6214	334	456
6214	337	529
6214	340	201
6214	404	375
6214	407	808
6214	407	921
6214	504	450
6214	601	323
6214	601	466
6214	601	618
6214	601	942
6214	606	276
6214	606	306
6214	662	216
6214	678	576
6214	678	925
6214	678	983
6214	727	403
6214	770	608
6214	787	972
6214	803	553
6214	850	238
6214	859	208
6214	901	687
6214	901	827
6214	904	868
6214	919	744
6214	931	249
6214	954	224
6214	985	515
6232	205	233
6232	217	660
6232	217	841
6232	240	625
6232	251	647
6232	256	670
6232	270	201
6232	304	441
6232	309	613
6232	310	272
6232	310	863
6232	317	456
6232	319	201
6232	319	591
6232	347	386
6232	352	494
6232	386	623
6232	404	456
6232	408	968
6232	415	859
6232	417	353
6232	425	471
6232	443	623
6232	510	385
6232	510	715
6232	530	870
6232	563	559
6232	567	298
6232	570	240
6232	571	246
6232	571	283
6232	610	637
6232	616	890
6232	631	774
6232	703	928
6232	715	330
6232	716	583
6232	734	818
6232	757	449
6232	802	839
6232	812	610
6232	813	781
6232	814	280
6232	814	561
6232	815	790
6232	845	784
6232	847	878
6232	858	518
6232	904	626
6232	910	713
6232	912	210
6232	916	998
6232	917	416
6232	937	673
6232	954	818
6232	956	247
623D	262	624
623D	920	981
6261	707	621
6265	217	248
6265	309	219
6266	641	203
6267	913	285
6271	940	733
6272	580	271
6272	580	467
6273	507	258
6276	269	588
6277	574	321
6277	574	721
6278	615	572
627B	425	312
6281	843	348
6282	252	217
6282	828	778
6282	828	802
6282	910	231
6282	910	473
6283	276	233
6284	304	694
6286	814	585
6289	802	384
6290	603	504
6292	907	259
6298	229	418
6298	478	867
6302	864	910
6304	907	398
6306	787	339
6324	252	241
6324	336	207
6324	336	817
6324	704	315
6324	704	495
6324	704	604
6324	704	608
6324	704	677
6324	919	410
6324	919	548
6324	980	613
6333	217	853
6333	309	838
6333	618	571
6333	630	341
6333	630	992
6333	708	707
6333	773	590
6349	541	571
6349	541	982
6354	907	448
6386	207	578
6386	603	630
6386	603	833
6387	339	235
6387	413	262
6387	617	851
6387	774	312
6387	774	487
6387	857	256
6387	978	621
6387	978	877
6388	203	910
6389	401	500
638B	829	236
638B	829	239
6391	551	200
6391	609	218
6391	908	507
6391	908	763
6391	973	214
6391	973	567
6391	973	919
6392	412	518
6392	570	439
6393	302	824
6394	304	730
6394	681	258
6395	301	706
6395	410	913
6395	443	401
6395	443	521
6395	443	853
6396	228	264
6396	228	380
6396	601	760
6396	662	861
6398	803	622
6398	803	707
6398	803	944
6398	843	259
6398	843	344
6398	843	384
6398	864	360
6398	864	561
6402	202	660
6418	717	996
6426	904	319
6428	678	968
6435	423	275
6458	702	274
6458	702	308
6458	702	469
6460	567	267
6460	567	286
6483	219	683
6498	805	808
649D	319	332
6500	502	542
6500	606	371
6502	561	290
6502	561	291
6502	727	266
6502	813	373
6502	850	382
6502	850	399
6502	850	743
6502	850	826
6502	863	944
6502	954	298
6505	318	245
6505	318	381
6505	318	465
6505	318	558
6505	318	579
6505	985	745
6505	985	804
6506	210	569
6506	281	475
6506	281	881
6506	817	559
6506	817	948
6506	903	343
6506	903	922
6506	903	978
6506	915	205
6506	940	256
6506	956	346
6508	262	389
6508	715	557
6508	715	905
6508	920	517
6508	920	737
6516	808	343
6516	808	772
6522	817	384
6525	757	278
6529	206	229
6529	206	353
6529	216	235
6529	330	391
6529	331	200
6529	440	231
6529	440	319
6529	440	390
6529	469	682
6529	505	480
6529	512	584
6529	515	770
6529	530	615
6529	682	583
6529	773	956
6529	773	997
6529	801	600
6529	858	405
6529	918	873
6529	951	526
6529	951	905
6530	816	840
6531	907	544
6534	210	837
6534	210	844
6534	214	208
6534	214	600
6534	214	697
6534	217	828
6534	218	780
6534	224	209
6534	231	676
6534	234	207
6534	248	613
6534	262	337
6534	281	908
6534	312	206
6534	314	852
6534	316	200
6534	317	373
6534	325	220
6534	330	271
6534	330	646
6534	330	687
6534	405	659
6534	405	778
6534	417	388
6534	417	684
6534	573	382
6534	580	445
6534	580	794
6534	586	808
6534	605	844
6534	608	320
6534	612	669
6534	618	334
6534	701	500
6534	701	660
6534	712	522
6534	740	227
6534	740	350
6534	806	898
6534	812	531
6534	812	720
6534	814	323
6534	816	465
6534	816	592
6534	816	919
6534	817	675
6534	830	570
6534	870	945
6534	903	330
6534	906	366
6534	918	740
6534	918	839
6534	989	977
6535	731	282
6538	214	639
6539	908	778
6540	229	921
6540	470	313
6540	478	294
6540	478	297
6540	678	544
6540	678	622
6540	706	831
6540	770	296
6540	770	316
6540	912	282
6540	912	403
6548	305	617
6548	954	996
6564	406	559
6564	406	852
6565	208	241
6565	208	360
6565	208	604
6565	208	661
6565	208	697
6567	970	379
6567	970	623
6567	970	682
6568	701	640
6569	605	809
6570	319	329
6570	515	371
6570	712	330
6571	801	573
6572	520	471
6572	602	448
6572	602	469
6572	602	639
6572	602	689
6572	602	717
6572	928	322
6572	928	606
6572	928	920
6573	575	343
6574	250	301
6574	289	439
6574	418	432
6574	418	944
6574	438	274
6574	514	213
6574	519	401
6574	647	377
6574	705	987
6574	778	230
6574	778	245
6579	309	225
6581	601	938
6589	586	729
6590	214	308
6590	361	764
6590	936	586
6590	956	503
6591	501	395
6592	787	634
6595	502	279
6595	606	926
6596	740	230
6597	304	631
6605	509	880
6606	770	215
6611	806	987
6612	954	264
6613	970	621
6614	208	444
6615	407	713
6616	770	782
6617	352	202
6622	347	221
6622	347	249
6622	347	295
6622	347	506
6622	516	304
6622	631	220
6622	646	200
6622	646	622
6622	646	641
6622	716	400
6622	718	790
6623	732	822
6623	732	925
6623	848	391
6624	203	892
6626	267	307
6626	484	358
6626	484	744
6627	662	496
6628	770	571
6629	260	909
6629	765	443
6630	210	813
6630	214	359
6630	214	510
6630	214	798
6630	215	522
6630	228	210
6630	228	883
6630	231	607
6630	248	610
6630	248	966
6630	281	505
6630	281	939
6630	313	217
6630	330	444
6630	330	891
6630	360	290
6630	401	925
6630	405	690
6630	410	434
6630	415	809
6630	504	540
6630	512	399
6630	516	649
6630	518	230
6630	561	224
6630	586	860
6630	610	830
6630	702	662
6630	708	644
6630	713	318
6630	713	769
6630	713	901
6630	716	556
6630	732	405
6630	813	303
6630	816	798
6630	818	210
6630	818	417
6630	843	219
6630	864	217
6630	901	223
6630	901	307
6630	917	469
6630	917	899
6630	920	384
6630	952	601
663D	206	402
664A	567	253
6662	318	333
6664	208	404
6664	213	278
6664	225	803
6664	228	424
6664	228	547
6664	231	343
6664	248	981
6664	251	648
6664	269	369
6664	304	953
6664	314	761
6664	315	489
6664	320	296
6664	321	223
6664	334	434
6664	334	663
6664	337	222
6664	351	201
6664	361	799
6664	402	598
6664	407	791
6664	409	498
6664	415	235
6664	417	204
6664	430	200
6664	440	574
6664	443	314
6664	443	629
6664	470	213
6664	484	635
6664	509	304
6664	509	552
6664	515	783
6664	540	205
6664	570	755
6664	570	793
6664	573	587
6664	573	647
6664	586	350
6664	586	675
6664	603	721
6664	603	973
6664	608	567
6664	616	308
6664	617	905
6664	619	251
6664	626	232
6664	630	430
6664	682	667
6664	704	308
6664	704	500
6664	708	724
6664	713	398
6664	714	661
6664	715	207
6664	716	401
6664	716	553
6664	718	813
6664	720	290
6664	740	707
6664	740	709
6664	757	779
6664	765	225
6664	773	960
6664	775	910
6664	779	236
6664	781	201
6664	801	309
6664	801	865
6664	810	292
6664	812	589
6664	814	418
6664	816	678
6664	817	721
6664	830	385
6664	830	456
6664	830	477
6664	859	433
6664	860	268
6664	860	913
6664	872	237
6664	903	491
6664	910	797
6664	918	565
6664	919	939
6664	928	863
6664	937	508
6664	956	341
6673	865	207
6673	865	266
6673	865	414
6673	931	434
6673	931	808
6678	478	325
6692	715	508
6692	920	495
6692	920	615
6695	906	833
6696	209	419
6698	865	873
6700	740	290
6701	612	229
6701	660	596
6701	813	843
6701	832	228
6701	832	330
6701	832	860
6702	706	730
6704	423	387
6706	770	525
6710	334	400
6711	814	537
6718	989	553
6725	219	789
6725	260	235
6725	260	350
6725	317	694
6725	317	903
6725	812	350
6725	812	569
6726	430	973
6733	907	691
6734	973	217
6735	228	691
6736	956	439
6739	814	405
6744	229	729
6745	262	301
6746	254	352
6747	907	439
6749	505	939
6750	808	459
6751	636	818
6752	270	414
6753	319	490
6754	727	591
6756	505	968
6757	210	529
6761	815	763
6766	715	576
6769	618	333
6770	954	904
6771	478	736
6778	808	399
6783	406	981
6789	269	989
6790	225	701
6792	912	479
6795	847	896
6800	917	393
6801	908	682
6802	972	640
6804	205	363
6804	334	345
6805	870	443
6805	870	613
6809	612	468
6810	757	830
6811	270	260
6814	731	805
6818	920	995
6820	325	233
6820	979	322
6822	276	385
6822	740	578
6824	904	949
6827	540	333
6827	540	798
6827	571	612
6827	571	765
6827	757	298
6827	757	334
6827	757	759
6829	801	630
6830	908	383
6831	928	727
6832	702	640
6833	903	719
6834	606	881
6837	414	576
6837	608	376
6837	920	576
6839	713	564
6840	918	717
6841	954	273
6842	318	391
6844	979	960
6845	908	402
6846	717	318
6846	717	333
6851	620	766
6853	225	608
6855	757	927
6858	864	257
6859	256	752
6859	256	804
6860	214	894
6862	205	284
6864	423	222
6865	785	253
6866	478	212
6867	618	237
6868	901	788
6870	316	822
6871	908	207
6872	907	572
6872	907	720
6872	907	739
6873	908	426
6874	308	947
6877	917	308
6878	304	560
6879	606	852
6880	865	918
6882	907	429
6885	256	514
6886	307	230
6889	305	890
6889	603	265
6889	786	302
688B	876	574
6901	956	327
6906	209	706
6906	239	937
6906	323	280
6906	559	606
6906	562	359
6906	909	330
6907	303	836
6908	602	398
6909	616	790
6911	305	565
6914	828	605
6915	340	884
6916	850	221
6917	662	309
6919	717	981
6922	318	373
6923	601	612
6923	662	208
6925	910	836
6926	907	496
6929	770	762
6933	787	578
6934	620	454
6935	931	235
6937	601	210
6938	828	410
6940	304	244
6944	806	650
6946	706	240
6950	408	443
6950	661	514
6951	407	225
6959	347	628
6959	516	457
6959	518	414
6959	631	848
6959	716	462
6959	845	825
6959	914	503
6959	917	670
6967	916	881
6972	813	921
6981	802	395
6988	956	359
6990	920	990
6991	787	540
6992	304	718
6996	613	982
7008	701	559
7010	605	422
7013	419	879
7017	859	207
701E	224	223
701E	708	515
701E	779	772
701E	779	777
7021	402	412
7021	605	217
7023	985	772
7024	605	764
7031	508	225
7048	918	359
7056	708	432
7056	708	469
7056	847	461
7059	347	588
7059	631	236
7059	718	715
7059	914	458
705F	778	634
7060	317	660
7061	240	389
7074	713	579
7076	605	588
7077	203	439
7087	682	459
7087	713	595
7094	515	605
7097	501	643
7126	347	862
7126	516	665
7126	516	837
7128	209	371
7128	408	222
7130	315	869
7131	321	348
7131	727	289
7131	954	543
7133	718	954
7134	201	743
7135	508	952
7136	773	765
7136	847	386
7140	718	687
7142	201	318
7142	201	416
7142	732	353
7142	732	403
7143	203	951
7144	402	294
7145	408	904
7145	415	848
7145	916	288
7146	360	656
7147	858	795
7157	517	386
7163	440	627
7170	770	783
7170	770	809
7172	360	448
7174	916	822
7175	602	507
7176	801	365
7185	276	200
7187	316	771
7187	620	715
7187	620	718
7188	802	319
7188	802	522
7188	802	549
7188	802	880
7189	757	345
7189	804	824
718F	229	695
7192	539	225
7196	847	990
7197	315	541
7197	518	241
7197	518	267
7199	781	825
719F	218	440
719F	507	586
7215	712	868
7216	920	245
7217	602	643
7217	602	707
7218	417	680
7228	410	622
7229	212	547
7229	252	920
7229	281	982
7229	412	297
7229	602	282
7229	602	466
7229	609	503
7229	610	708
7229	703	956
7229	707	934
7229	763	355
7229	763	567
7229	770	281
7229	770	625
7229	781	410
7229	856	483
7229	925	738
7229	940	249
7234	502	476
7236	615	241
7239	281	668
7240	323	490
7240	510	877
7240	562	343
7240	562	506
7240	831	718
7243	859	982
7249	817	524
7262	323	606
7262	408	414
7262	424	254
7262	510	875
7262	626	202
7262	707	671
7262	760	903
7263	713	457
7265	617	378
7273	864	256
7274	206	802
7278	865	241
7309	302	827
7310	856	237
7314	765	487
7314	765	660
7315	412	538
7325	443	360
7325	443	412
7325	443	693
7327	205	271
7341	215	494
7343	845	839
7344	901	405
7349	520	547
7350	918	222
7351	401	288
7353	516	970
7353	718	550
7378	970	324
7379	310	943
7379	530	652
7379	530	698
7379	559	715
7379	559	751
7379	559	961
7379	619	331
7379	707	232
7379	707	402
7379	818	864
7379	831	665
7379	916	527
7391	850	285
7393	815	704
7421	201	257
7421	201	442
7421	203	460
7421	203	529
7421	203	542
7421	212	798
7421	215	710
7421	240	366
7421	270	356
7421	337	656
7421	360	359
7421	412	315
7421	508	744
7421	517	391
7421	540	208
7421	562	405
7421	605	595
7421	617	485
7421	618	364
7421	626	217
7421	646	496
7421	781	476
7421	856	574
7421	860	968
7421	910	398
7421	919	257
7421	954	625
7421	973	607
742D	913	777
7434	215	399
7437	813	504
743B	506	604
743B	709	237
743B	709	238
743B	905	240
7443	330	318
7448	813	675
7453	415	410
7453	562	231
7453	831	705
7453	858	875
7454	808	660
7455	360	628
7459	765	738
7460	614	918
7460	937	425
7460	937	874
7466	307	586
7469	256	676
7473	843	694
7473	912	601
7475	256	394
7485	360	499
748D	559	390
7490	678	349
7511	208	361
7513	717	718
7514	859	996
7516	512	682
7516	682	422
7520	216	588
7520	614	883
7530	801	981
7531	458	200
7531	503	382
7531	503	385
7531	503	825
7533	407	919
7534	213	764
7535	352	582
7537	458	205
753E	308	203
7552	480	253
7552	520	202
7555	919	882
7558	208	643
7566	904	371
7567	702	309
7591	240	857
7593	913	982
7594	417	521
7598	850	883
7607	224	757
7607	708	540
7607	847	873
7608	419	717
7608	567	429
7610	510	260
7610	805	819
7619	781	559
7632	918	516
7635	561	522
7642	715	805
764D	719	353
7656	479	286
7661	805	845
7666	636	237
7670	817	406
7670	940	442
7674	704	448
7701	586	684
7701	810	957
7715	713	559
7718	323	557
7718	559	296
7718	626	667
771A	985	622
7721	312	423
7721	815	412
7721	847	586
7726	469	303
7726	972	309
773F	251	600
7747	262	882
7755	781	634
7757	215	320
7757	302	643
7757	302	918
7757	484	348
7765	708	455
7765	773	661
7766	917	671
7767	262	427
776A	361	996
7773	434	202
7783	952	852
7784	801	656
7785	907	580
7796	910	344
7797	678	243
7801	719	867
7809	806	360
7816	402	918
7820	412	745
7830	406	635
7849	240	452
7857	321	765
7870	406	532
7893	806	635
7894	626	370
7908	763	252
7967	856	996
7968	302	254
7968	302	346
7970	919	235
7978	412	595
7979	414	755
7982	469	348
7982	817	554
7989	315	403
8004	760	971
8012	304	530
8050	418	499
8050	418	650
8050	418	681
8050	418	834
8050	418	848
8050	450	265
8050	450	429
8050	450	583
8050	450	652
8050	450	884
8050	514	529
8050	819	386
8050	819	474
8050	819	538
8050	819	684
8050	819	795
8051	416	283
8051	416	469
8051	416	599
8051	519	455
8051	519	632
8051	519	848
8051	519	943
8051	613	256
8051	613	346
8051	613	833
8051	705	440
8051	705	521
8051	705	633
8051	705	656
8051	705	675
8051	705	687
8051	705	844
8051	705	866
8051	807	363
8051	807	934
8051	807	982
8051	905	429
8051	905	729
8051	905	778
8051	905	828
8051	905	871
8051	905	878
8051	905	952
8051	905	954
8051	905	989
805E	207	518
8070	330	817
8071	228	287
8073	361	687
8082	250	627
8083	418	389
8083	418	567
8083	418	584
8083	418	733
8083	418	886
8084	403	202
8084	403	558
8084	403	756
8084	587	246
8084	587	248
8084	780	305
8084	780	350
8084	780	463
8084	780	656
8084	780	663
8084	780	854
8085	709	442
8085	709	469
8085	709	891
8085	709	920
8086	250	338
8086	250	376
8086	250	429
8086	250	648
8086	250	767
8086	250	780
8086	250	791
8086	250	851
8086	250	965
8086	604	606
8086	778	500
8087	902	831
8088	204	246
8088	204	328
8088	204	337
8088	204	363
8088	204	394
8088	204	425
8088	204	426
8088	204	854
8088	204	967
8088	204	992
8089	902	362
8089	902	450
8090	506	661
8090	506	832
8091	306	423
8091	306	464
8091	306	636
8091	306	820
8091	306	874
8092	867	573
8092	867	588
8094	807	626
8105	321	329
8140	406	346
8168	567	371
817D	581	208
818D	819	248
819D	712	975
8202	519	592
8203	519	349
8204	519	849
8205	519	353
8206	705	271
8208	418	483
8210	807	221
8211	705	932
8212	519	839
8213	819	336
8214	519	238
8215	519	395
8216	519	456
8218	807	467
8219	418	486
8220	613	659
8221	819	363
8223	519	595
8225	613	375
8226	519	910
8227	613	582
8228	705	335
8229	705	892
8230	705	295
8231	519	828
8232	613	538
8233	418	484
8235	418	588
8237	819	548
8239	450	791
8239	819	352
8239	819	738
8240	519	233
8241	450	549
8242	450	535
8244	613	273
8245	519	367
8250	876	232
8253	817	526
8254	450	894
8257	819	445
8274	763	392
8281	605	741
8282	701	402
8287	303	276
8293	602	624
8294	360	847
8299	603	391
8300	772	402
8300	772	403
8301	250	210
8301	403	874
8301	587	218
8301	604	341
8301	780	499
8301	780	519
8301	780	772
8303	249	878
8303	306	578
8303	416	320
8303	438	874
8303	450	271
8303	506	253
8303	506	427
8303	514	830
8303	647	454
8303	647	455
8303	705	203
8303	819	214
8303	819	345
8303	902	808
8304	416	649
8304	587	701
8304	780	702
8304	905	695
8305	787	626
8305	787	654
8305	787	916
8306	418	384
8306	418	988
8306	450	714
8306	450	717
8306	450	956
8306	450	994
8306	514	674
8306	514	752
8306	819	308
8306	819	882
8318	423	793
8322	408	380
8322	714	684
8322	909	635
833C	918	398
8340	347	426
8340	914	612
8345	781	854
8347	610	836
8356	865	395
8357	540	736
8357	703	554
8357	703	674
8367	702	466
8368	772	356
8372	501	401
8377	403	306
8377	604	677
8377	905	205
8377	905	422
8377	905	488
8392	404	464
8392	762	887
8392	770	615
8393	520	391
8405	763	656
8407	973	707
8413	817	664
845D	712	872
8465	303	558
846F	779	214
8473	212	364
8474	319	892
8483	215	325
8491	805	999
8502	717	340
8506	403	776
851A	402	237
8522	719	559
8534	843	733
8540	720	867
8568	740	550
8591	562	488
8593	712	463
8605	240	783
8613	843	585
8614	920	848
8629	503	448
862D	541	653
8632	402	405
8638	330	850
8638	440	379
8638	614	762
8639	712	847
8640	228	931
8645	252	203
8645	843	997
8645	864	365
8645	864	787
8646	678	435
864F	252	429
8654	219	697
8656	503	549
8660	228	295
8660	615	620
8660	615	656
8660	864	679
8661	806	990
8664	305	908
8665	816	282
8667	212	990
8668	985	819
8682	713	424
8685	269	727
8687	713	347
8688	864	276
8689	727	252
8690	562	645
8690	949	613
8692	941	441
8700	267	690
8700	413	728
8700	508	418
8700	603	301
8700	774	435
8700	774	450
8705	704	760
8708	712	551
8709	847	871
8711	440	342
8713	256	785
8717	850	742
8718	912	304
8721	217	518
8721	217	810
8721	309	771
8723	913	439
8726	906	914
8727	507	691
8727	763	445
8729	660	440
8731	402	908
8732	702	613
8734	201	983
8735	252	858
8735	336	742
8737	918	506
8738	541	669
8739	570	918
8739	570	944
8742	931	532
8743	936	205
8744	435	272
8745	757	908
8746	360	982
8748	920	710
8756	215	701
8758	470	253
875F	681	200
8760	815	373
8762	218	545
8765	678	448
8773	850	910
8778	401	592
8782	310	593
8782	714	316
8782	949	424
8791	809	312
8809	318	908
8812	605	241
8819	519	778
8819	519	861
8819	780	202
8819	780	225
8820	709	341
8821	226	228
8821	250	317
8821	250	618
8821	403	471
8821	416	670
8821	514	240
8821	514	441
8821	514	983
8821	519	573
8821	519	841
8821	587	727
8821	647	403
8821	647	501
8821	647	755
8821	778	993
8821	902	537
8821	902	872
8825	276	229
8825	434	830
8826	310	775
8826	559	933
8826	562	375
8826	747	200
8826	916	912
8827	408	841
8827	707	598
8827	714	860
8830	571	641
8831	202	250
8832	240	246
8833	469	224
8833	817	612
8839	985	254
8847	441	492
8851	713	399
8856	913	713
8864	443	403
8870	479	205
8881	805	869
8886	442	222
8900	912	450
8901	264	222
8902	268	773
8903	242	456
8904	246	232
8904	246	251
8904	246	274
8904	246	437
8905	441	237
8906	284	495
8907	345	222
8908	767	440
8909	809	209
8909	809	283
8909	809	298
8909	809	427
8909	809	486
8909	809	738
8909	829	527
8909	829	534
8909	829	699
8909	829	766
8909	829	782
8910	473	269
8910	473	457
8911	876	506
8912	664	236
8912	664	675
8913	869	469
8914	869	467
8915	758	758
8916	784	482
8919	649	231
8921	809	328
8921	809	930
8921	809	946
8924	339	219
8925	786	207
8934	812	206
8934	812	578
8937	716	216
8938	304	398
8938	304	520
8938	304	839
8939	563	849
8942	413	464
8942	978	780
8945	276	203
8950	312	276
8953	660	213
8958	512	853
8960	843	436
8992	240	260
8994	225	282
899D	323	812
899D	760	905
9002	337	534
9102	401	272
9102	413	357
9102	413	367
9102	508	792
9102	508	883
9102	508	987
9102	617	243
9102	617	266
9102	617	541
9102	617	667
9102	617	760
9102	617	898
9102	617	931
9102	857	362
9102	978	342
9102	978	433
9104	212	237
9104	212	244
9104	212	332
9104	212	469
9104	212	474
9104	212	638
9104	212	724
9104	315	336
9104	315	337
9104	315	498
9104	315	656
9104	315	697
9104	315	867
9104	516	221
9104	516	239
9104	516	299
9104	516	569
9104	516	742
9104	518	387
9104	518	399
9104	518	580
9104	518	873
9104	631	267
9104	631	395
9104	631	427
9104	631	679
9104	631	751
9104	631	953
9104	646	297
9104	646	562
9104	716	691
9104	716	826
9104	716	934
9104	718	232
9104	718	259
9104	718	287
9104	718	343
9104	718	357
9104	718	417
9104	718	623
9104	718	697
9104	718	816
9104	718	918
9104	718	923
9104	845	473
9104	914	701
9104	914	910
9104	917	237
9129	319	788
9133	419	400
9133	937	639
913F	406	715
9145	702	824
9147	860	546
9147	860	549
9147	860	732
9147	860	742
9161	229	390
9170	443	464
9206	201	242
9206	201	348
9206	201	385
9206	201	814
9206	201	863
9206	201	868
9206	609	292
9206	609	398
9206	609	653
9206	856	222
9206	856	370
9206	908	206
9206	908	526
9206	908	841
9206	973	391
9206	973	427
9206	973	471
9206	973	554
9206	973	709
9206	973	793
9206	973	895
9208	215	381
9208	215	430
9208	215	552
9208	215	625
9208	215	644
9208	215	661
9208	215	736
9208	215	786
9208	215	893
9208	412	201
9208	412	364
9208	412	766
9208	570	420
9208	570	454
9208	610	253
9208	610	274
9208	610	366
9208	610	622
9208	610	760
9208	610	828
9208	717	777
9208	724	337
9208	724	982
9208	814	342
9210	302	645
9210	302	683
9211	202	208
9211	202	275
9211	202	289
9211	202	364
9211	202	561
9211	202	583
9211	202	680
9212	240	362
9212	301	299
9212	301	362
9212	301	494
9212	301	586
9212	301	694
9212	301	918
9212	410	773
9212	410	835
9212	410	866
9212	443	479
9212	443	556
9213	434	821
9213	434	849
9213	434	993
9213	540	262
9213	571	226
9213	571	382
9213	703	243
9213	703	264
9213	703	377
9213	703	524
9213	703	532
9213	703	569
9213	703	704
9213	703	718
9213	757	308
9213	757	395
9213	757	441
9213	757	475
9213	804	353
9214	304	559
9214	304	693
9231	541	436
9236	251	586
9236	334	558
9245	989	787
9262	415	525
9269	971	243
927D	863	949
9304	918	920
930B	812	577
9321	216	222
9321	216	663
9321	216	986
9321	330	488
9321	330	973
9321	419	423
9321	419	729
9321	419	873
9321	440	519
9321	440	571
9321	440	633
9321	614	387
9321	614	443
9321	614	799
9321	614	834
9321	614	887
9321	937	427
9321	937	630
9323	231	947
9323	248	753
9323	248	901
9323	248	945
9323	248	999
9323	313	390
9323	313	436
9323	313	521
9323	313	659
9323	313	876
9323	586	421
9323	586	741
9323	616	235
9323	616	732
9323	616	742
9323	616	975
9323	734	232
9323	906	233
9323	906	485
9323	989	799
9324	863	572
9325	317	298
9325	765	641
9325	765	671
9325	812	278
9327	414	221
9327	414	329
9327	414	855
9327	715	235
9327	715	552
9327	715	831
9327	920	206
9327	920	257
9327	920	456
9329	217	666
9329	224	542
9329	312	267
9329	312	357
9329	312	419
9329	312	475
9329	312	573
9329	312	710
9329	312	797
9329	630	351
9329	630	513
9329	708	387
9329	708	824
9329	708	895
9329	773	210
9329	773	534
9329	815	231
9329	815	363
9329	815	426
9329	847	493
9329	847	968
9348	513	598
9348	513	605
9348	513	785
9348	513	925
9348	812	637
9348	859	386
9348	859	635
9348	859	643
9356	207	317
936F	503	900
937C	850	466
9406	312	488
9408	713	568
9413	907	268
9416	307	271
9417	305	269
9417	305	500
9417	305	648
9417	305	865
9417	334	982
9417	336	230
9417	336	256
9417	336	748
9417	336	778
9417	352	305
9417	386	226
9417	386	231
9417	386	740
9417	404	582
9417	404	634
9417	407	438
9417	407	458
9417	407	857
9417	407	903
9417	561	272
9417	561	694
9417	561	989
9417	678	344
9417	678	475
9417	704	334
9417	704	557
9417	704	631
9417	704	636
9417	704	757
9417	706	475
9417	706	538
9417	770	263
9417	770	392
9417	770	463
9417	770	478
9417	770	646
9417	770	729
9417	770	822
9417	770	857
9417	770	869
9417	770	968
9417	772	229
9417	786	415
9417	803	952
9417	828	459
9417	828	654
9417	828	891
9417	843	265
9417	843	563
9417	850	433
9417	850	456
9417	864	288
9417	864	936
9417	904	244
9417	904	642
9417	904	808
9417	910	454
9417	912	961
9417	919	469
9417	919	676
9417	919	918
9417	954	565
9417	954	848
9419	205	491
9419	205	669
9419	205	679
9419	205	783
9419	225	387
9419	225	667
9419	225	874
9419	228	641
9419	229	334
9419	251	771
9419	256	215
9419	256	288
9419	256	329
9419	256	512
9419	270	238
9419	270	274
9419	270	697
9419	270	885
9419	318	361
9419	318	382
9419	318	563
9419	318	633
9419	318	670
9419	318	972
9419	337	993
9419	423	877
9419	502	429
9419	502	772
9419	504	277
9419	504	833
9419	504	842
9419	601	735
9419	606	502
9419	606	786
9419	615	412
9419	615	835
9419	662	356
9419	662	365
9419	662	398
9419	662	676
9419	662	768
9419	731	479
9419	731	536
9419	828	486
9419	828	494
9419	859	336
9419	859	734
9419	865	474
9419	901	362
9419	901	762
9419	931	485
9419	931	583
9419	985	429
9419	985	531
9419	985	548
9419	985	727
9419	985	792
9475	814	519
9533	210	496
9533	210	522
9533	210	558
9533	210	617
9533	210	662
9533	210	735
9533	210	824
9533	214	331
9533	214	491
9533	214	520
9533	214	750
9533	214	951
9533	254	876
9533	254	955
9533	281	282
9533	281	343
9533	281	398
9533	281	531
9533	281	580
9533	281	587
9533	281	820
9533	314	291
9533	325	576
9533	405	616
9533	409	643
9533	409	783
9533	417	238
9533	417	887
9533	432	688
9533	469	791
9533	479	986
9533	501	303
9533	501	627
9533	512	336
9533	512	450
9533	573	238
9533	573	331
9533	573	475
9533	573	720
9533	573	784
9533	573	840
9533	580	448
9533	580	743
9533	580	924
9533	620	582
9533	620	679
9533	620	765
9533	620	793
9533	636	230
9533	636	434
9533	636	938
9533	713	277
9533	713	437
9533	713	571
9533	713	640
9533	713	697
9533	713	735
9533	713	770
9533	713	867
9533	713	892
9533	713	945
9533	785	246
9533	785	624
9533	806	356
9533	806	677
9533	816	293
9533	816	671
9533	816	698
9533	817	790
9533	830	221
9533	830	609
9533	870	222
9533	870	494
9533	870	753
9533	870	768
9533	870	786
9533	870	881
9533	903	946
9533	913	279
9533	913	578
9533	913	596
9533	913	652
9533	915	593
9533	915	779
9533	915	938
9533	918	233
9533	918	241
9533	918	457
9533	918	524
9533	918	875
9533	940	325
9533	940	330
9533	956	318
9533	956	388
9533	956	631
9533	956	772
9533	972	450
9533	972	552
9533	972	778
9533	972	818
9533	979	234
9539	828	833
9558	682	231
9584	809	306
9584	809	718
9584	829	304
9597	402	982
9607	970	200
9627	541	323
9631	307	643
9631	319	465
9631	319	861
9631	320	289
9631	402	451
9631	402	550
9631	402	599
9631	402	667
9631	402	695
9631	402	891
9631	507	437
9631	515	327
9631	515	362
9631	515	532
9631	515	987
9631	515	999
9631	605	377
9631	605	627
9631	605	731
9631	605	892
9631	612	573
9631	612	825
9631	651	659
9631	712	246
9631	712	373
9631	712	986
9631	715	636
9631	763	444
9631	763	546
9631	763	797
9631	763	951
9631	952	540
9636	208	364
9636	208	656
9636	303	289
9636	303	965
9636	303	973
9636	303	982
9636	307	234
9636	307	235
9636	307	543
9636	307	849
9636	308	445
9636	406	475
9636	406	662
9636	406	964
9636	435	675
9636	435	750
9636	480	471
9636	480	962
9636	505	272
9636	505	333
9636	505	344
9636	505	884
9636	575	446
9636	575	574
9636	602	417
9636	602	916
9636	602	997
9636	623	207
9636	623	776
9636	719	544
9636	719	548
9636	719	595
9636	719	685
9636	720	455
9636	801	567
9636	801	569
9636	801	794
9636	801	876
9636	801	884
9636	928	342
9636	928	638
9636	970	223
9636	970	263
9636	970	564
9636	970	662
9636	970	870
9638	206	797
9638	206	897
9638	253	925
9638	360	473
9638	360	478
9638	360	662
9638	360	877
9638	360	885
9638	503	262
9638	503	292
9638	503	762
9638	503	827
9638	509	532
9638	509	747
9638	509	764
9638	541	262
9638	541	336
9638	541	338
9638	541	346
9638	541	449
9638	541	667
9638	541	741
9638	541	823
9654	828	445
9658	575	323
966C	617	830
9671	405	910
9671	918	750
9690	270	369
9690	606	675
9691	606	277
9691	606	882
970C	812	271
9726	787	680
9732	580	790
9740	209	525
9740	209	538
9740	209	722
9740	213	347
9740	213	356
9740	213	974
9740	310	539
9740	310	641
9740	310	674
9740	310	886
9740	323	265
9740	323	666
9740	323	698
9740	323	820
9740	408	227
9740	408	281
9740	408	342
9740	408	808
9740	408	845
9740	415	252
9740	415	442
9740	415	647
9740	415	663
9740	415	982
9740	510	654
9740	510	784
9740	530	573
9740	530	642
9740	530	745
9740	530	787
9740	559	297
9740	559	443
9740	559	635
9740	559	636
9740	559	713
9740	559	782
9740	559	924
9740	619	228
9740	619	239
9740	619	465
9740	650	336
9740	650	342
9740	650	404
9740	650	497
9740	650	777
9740	661	845
9740	707	259
9740	707	485
9740	707	693
9740	707	792
9740	707	995
9740	714	533
9740	714	562
9740	714	565
9740	714	578
9740	714	639
9740	714	991
9740	760	657
9740	760	752
9740	760	804
9740	818	594
9740	818	703
9740	818	719
9740	818	725
9740	818	755
9740	818	954
9740	818	989
9740	916	551
9740	916	564
9740	916	766
9740	925	228
9740	925	371
9740	925	676
9740	925	754
9740	949	443
9740	949	580
9740	949	766
9740	949	809
9742	702	844
9742	775	337
9742	775	686
9742	775	882
9742	775	971
9748	213	307
9748	248	523
9748	313	709
9748	330	660
9748	419	802
9748	561	457
9748	573	277
9748	616	351
9748	618	321
9748	651	864
9748	810	812
9748	818	529
9748	845	465
9758	641	832
9759	715	625
9764	308	313
9769	712	707
9784	573	884
9785	573	859
9786	417	935
9787	660	849
9788	334	702
9789	251	865
9804	208	592
9805	208	370
980F	715	863
980F	920	250
980F	920	789
981E	424	265
9826	251	445
9841	203	404
985E	515	639
9861	867	334
9868	306	221
9868	306	980
9877	641	243
9898	769	487
9900	515	395
991B	204	802
9924	207	275
9937	807	271
993E	417	893
9955	712	213
997E	347	719
997E	347	778
997E	917	791
9998	721	558
MULT	207	700
MULT	307	950
MULT	325	555
MULT	347	718
MULT	352	959
MULT	413	413
MULT	424	959
MULT	432	555
MULT	443	958
MULT	515	950
MULT	606	555
MULT	609	958
MULT	614	976
MULT	619	555
MULT	684	685
MULT	705	950
MULT	719	555
MULT	754	959
MULT	809	976
MULT	859	555
MULT	906	950
MULT	908	732
MULT	973	555
