0003	207
0004	207
0007	207
0010	207
0015	207
0019	207
0020	207
0021	859
0022	207
0024	207
0025	207
0027	207
0029	207
002A	876
0030	906
0034	207
0035	774
0036	413
0038	603
0039	603
0042	603
0043	603
0047	603
004D	915
0050	603
0051	805
0053	802
0055	302
0058	802
0059	516
0061	802
0064	802
0065	518
0066	865
0068	802
0069	802
0071	607
0072	518
0073	518
0076	716
0078	716
0079	518
0081	315
0084	413
0085	518
0089	607
0091	716
0095	631
0096	607
0096	845
0099	607
009B	646
0100	845
0105	518
0106	315
0109	716
0110	585
0111	315
0112	315
0116	518
0118	315
0121	585
0122	585
0125	518
0128	845
0129	315
0131	607
0132	254
0135	973
0138	908
0145	724
0148	920
0149	717
0151	570
0152	570
0155	678
0156	724
0161	570
0162	610
0165	717
0168	717
0169	610
0169	717
0169	814
016D	302
0170	717
0173	205
0175	610
0176	814
0177	570
0178	570
0179	724
0183	570
0185	724
0189	724
018A	352
018A	407
018A	904
0191	570
0194	814
0195	814
0200	724
0201	570
0204	570
0206	570
0208	859
0209	717
0209	724
0209	814
0210	814
0216	410
0219	434
0220	276
0225	540
0226	540
0233	540
0233	703
0233	804
0237	540
0238	540
0239	540
0244	434
0248	276
0249	540
0250	540
0253	540
0254	276
0254	434
0256	304
0257	304
0258	304
0267	304
0270	304
0277	724
0282	205
0283	256
0284	205
0285	251
0286	256
0291	850
0295	334
0299	334
029F	775
0300	205
0301	205
0302	205
0305	334
0307	205
0308	256
030F	828
0311	205
0312	205
0314	256
0316	205
0317	334
0324	334
0328	727
0328	813
0328	941
0332	940
0334	857
0335	904
0338	850
0340	850
0340	904
0341	239
0344	912
0347	912
0348	912
0354	706
0356	912
0357	706
0358	912
0360	706
0362	770
0364	229
0365	912
0368	706
0369	478
0371	334
0375	770
0376	912
0377	478
0379	912
0381	706
0382	706
0386	706
0387	912
0389	706
0392	706
0394	706
0395	478
0396	270
0398	270
0401	270
0402	502
0404	334
0406	606
0408	606
0413	270
0414	606
0417	270
0419	606
0421	731
0423	318
0424	337
0425	337
0427	318
0428	337
0430	337
0431	870
0431	903
0433	985
0434	337
0435	318
0436	318
0439	318
0440	225
0441	225
0445	434
0446	601
0447	662
0448	662
0451	601
0453	601
0454	662
0455	662
0457	662
0458	662
0460	662
0461	662
0463	573
0466	662
0467	662
0468	910
0470	336
0470	910
0471	336
0472	913
0474	704
0476	910
0480	806
0485	336
0491	336
0494	704
0496	336
0497	336
0500	910
0501	828
0502	910
0503	336
0505	252
0506	803
0509	828
0510	336
0511	336
0515	864
0517	864
0520	843
0523	843
0526	864
0527	843
0528	843
0531	803
0532	864
0535	803
0536	843
0538	864
0542	803
0544	843
0550	864
0551	803
0552	662
0553	931
0554	423
0558	973
0559	865
0561	731
0565	423
0570	931
0573	615
0574	423
0576	931
0577	865
0578	423
0579	615
0583	731
0585	419
0589	419
0590	419
0594	937
0597	740
0598	419
059B	246
0603	903
0604	419
0607	419
0612	419
0613	513
0615	419
0615	734
0615	740
0615	937
0618	937
0625	419
0626	631
0627	419
0630	440
0634	740
0640	567
0644	419
0645	419
0649	440
0650	419
0651	330
0654	419
0656	419
0661	330
0661	419
0661	440
0661	740
0662	419
0663	419
0665	419
0666	330
0669	616
0671	231
0672	269
0675	906
0676	269
0677	231
0679	269
0680	906
0681	269
0685	906
0688	269
0689	906
0691	517
0694	989
0695	231
0695	269
0704	231
0706	502
0708	989
0711	906
0713	906
0714	517
0717	906
0720	231
0721	231
0725	517
0726	517
072F	334
0732	231
0734	517
0737	989
0738	989
0742	765
0744	574
0747	765
0750	765
0751	260
0759	812
0769	715
0771	765
0772	219
0772	260
0772	574
0772	812
0775	765
0776	765
0777	317
0778	765
0779	812
077F	803
0788	765
0790	219
0792	765
0796	765
0797	574
0800	219
0801	812
0807	812
0809	812
0813	574
0815	574
0816	812
0818	765
081E	778
0821	254
0822	240
0822	402
0822	405
0822	480
0822	702
0822	724
0822	740
0822	832
0825	812
0826	765
0827	765
0828	765
0830	765
0831	765
0832	219
0832	260
0832	574
0837	765
0841	715
0843	715
0844	715
0847	608
0848	262
0848	815
0849	608
0850	715
0851	715
0855	715
0856	262
0857	920
0863	715
0865	715
0866	608
0868	608
0870	715
0877	920
0879	715
0880	608
0881	608
0886	262
0886	608
0886	715
0889	715
0892	608
0895	608
0898	920
0899	608
0902	715
0905	920
0908	608
0910	715
0912	715
0913	608
0914	920
0915	715
0917	608
0918	715
0922	715
0924	715
0925	920
0930	608
0931	920
0936	715
0938	920
0942	608
0943	920
0945	715
0946	262
0946	815
0950	320
0950	715
0952	262
0953	715
0954	920
0955	262
0956	715
0959	715
095A	870
0960	715
0963	608
0966	608
0967	608
0968	608
0971	715
0972	575
0975	269
0976	217
0977	740
0978	618
0983	309
0984	217
0990	217
0993	618
0999	320
1000	217
1000	815
1003	618
1004	309
1011	217
1012	618
1015	217
1015	618
1015	815
1016	309
1023	309
1024	618
1026	618
1029	309
1032	618
1036	608
1036	815
1037	217
1038	217
103G	530
1041	815
1046	815
1047	309
1048	815
1049	618
1050	815
1053	309
1054	309
1055	217
1058	217
1060	217
1061	217
1065	217
1066	309
1067	309
107D	301
1085	670
1086	815
1087	309
1088	618
1092	815
1094	641
1097	563
1098	712
1101	319
1105	712
1106	563
1107	563
1109	507
1112	712
1113	641
1115	319
1118	563
1119	641
111D	313
1121	563
1123	320
1123	641
1123	712
1125	563
1127	712
1128	402
1129	641
1130	563
1132	641
1133	712
1139	319
1141	712
1142	417
1142	479
1143	479
1144	501
1146	712
1147	319
114F	615
1150	563
1153	319
1155	715
1156	319
1157	515
1158	515
1159	715
1160	563
1162	319
1163	254
1163	432
1163	806
1163	870
1164	575
1165	918
1166	319
1167	515
1167	563
1167	641
1167	660
1167	712
1168	712
1169	641
1170	319
1171	319
1172	641
1173	319
1174	712
1177	641
1178	319
1178	660
1179	515
117F	385
1181	903
1183	217
1183	608
1183	815
1188	515
1189	712
1190	435
1191	563
1193	505
1195	712
1199	563
1202	712
1203	641
1205	515
1206	712
1209	641
1212	515
1213	712
1214	319
1215	646
1217	319
1220	319
1222	563
1225	515
1226	320
1229	563
1230	563
1231	575
1237	712
1238	319
1239	712
1241	563
1242	563
1245	515
1246	641
1247	319
1250	319
1252	712
1257	319
1259	712
1260	712
1261	712
1262	641
1265	563
1266	319
1269	319
1271	641
1273	712
1274	563
1276	563
1277	515
1278	319
127G	540
1280	712
1282	641
1283	712
1285	712
1291	712
1292	641
1293	319
1294	712
1297	641
1298	319
129G	830
129G	979
1301	712
1302	319
1303	515
1304	319
1305	515
1307	712
1309	712
1310	515
1316	712
1319	319
1320	319
1322	641
1324	712
1327	712
1329	319
1331	712
1332	319
1334	712
1335	712
1336	563
1338	507
1342	515
1343	563
1345	563
1346	507
1347	320
1350	218
1356	320
1358	641
1367	952
1369	202
1370	320
1372	507
1373	320
1374	218
1375	507
1381	507
1383	218
1384	507
1387	218
1390	320
1391	218
1396	320
1404	563
1405	712
1406	507
1408	507
1409	320
1411	602
1412	507
1414	763
1417	205
1419	507
1421	507
1422	507
1423	320
1424	563
1426	507
142C	417
1430	320
1431	218
1433	320
1440	507
1442	507
1443	218
1447	701
1449	907
1450	218
1451	218
1453	218
1454	507
1456	763
1460	684
1474	218
1475	218
1475	320
1476	320
1479	952
1482	763
1483	507
1484	509
1485	563
1487	320
1488	360
1494	320
1495	605
1499	218
1501	218
1502	507
1508	507
1509	701
150C	504
1510	507
1512	218
1515	507
1517	402
1518	308
1519	920
1525	605
1526	308
1530	308
1531	402
1532	308
1533	662
1537	308
1540	402
154E	226
154E	250
154E	819
1553	402
1555	402
1556	402
1557	308
1559	402
1561	308
1562	308
1563	402
1565	402
1567	308
1568	402
1568	712
1574	308
1576	402
1577	605
1577	785
1577	970
157F	971
1582	402
1586	402
1591	402
1592	402
1597	308
1601	701
1607	605
1611	701
1615	701
1616	701
1617	701
1622	701
1625	701
1630	701
1631	605
1632	701
1636	701
1638	406
1640	605
1642	605
1647	605
1649	605
1650	605
1651	507
1653	605
1654	605
1655	605
1659	308
1659	605
1660	605
1662	701
1664	701
1666	605
1667	605
1668	605
1669	605
1670	605
1671	605
1674	701
1676	605
1677	605
1679	605
1680	605
1680	701
1681	701
1684	605
1685	605
1686	402
1688	605
1689	406
1691	870
1692	501
1697	501
1698	870
1701	864
1702	870
1706	870
1709	479
1710	479
1713	870
1718	479
1720	501
1721	870
1724	870
1726	870
1727	318
1729	870
1733	870
1734	479
1746	402
1750	608
1756	620
1758	620
1759	620
1764	620
1772	970
1777	785
1778	785
1780	620
1781	785
1785	402
1788	620
1791	620
1798	219
1799	701
1801	620
1809	620
1810	913
1811	573
1811	660
1811	712
1811	816
1812	620
1814	913
1816	620
1817	719
1820	785
1826	308
1827	719
1831	620
1833	620
1835	785
1839	785
1840	785
1841	620
1847	620
1854	618
1860	660
1865	660
1866	479
1874	573
1876	573
1882	573
1885	660
1885	870
1886	417
1887	417
1888	660
1890	660
1893	417
1900	417
1901	573
1908	417
1914	660
1917	660
1920	417
1927	573
1928	573
1929	660
1931	660
1932	816
1935	660
1936	417
1941	518
1945	918
1949	573
1958	609
1968	918
1969	918
1972	202
1974	918
1976	580
1977	918
1979	918
1981	918
1982	918
1984	918
1988	806
1995	405
1997	830
2006	405
2008	580
2010	580
2011	918
2013	918
2014	918
2016	575
2016	580
2017	580
2018	580
2022	918
2023	918
2025	580
2029	580
2032	580
2034	918
2038	903
2040	979
2041	940
2043	940
2059	979
205B	678
2060	254
2061	940
2065	903
2068	936
2069	940
206A	904
2071	806
2072	281
2073	956
2076	361
2083	830
2084	254
2084	903
2086	830
2090	956
2091	281
2093	979
2094	419
2097	830
2101	940
2103	361
2104	936
2105	254
2109	936
2112	806
2114	254
2114	817
2116	940
2118	809
2118	829
2118	849
2130	903
2131	806
2134	361
2135	830
2141	940
2150	903
2152	817
2153	817
2154	817
2159	956
215A	702
215F	567
2166	806
2168	432
2169	928
2170	806
2171	928
2172	928
2174	928
2176	575
2178	719
2179	520
2180	612
2181	303
2182	719
2184	970
2185	970
2186	719
2188	970
2192	719
2193	970
2194	970
2195	719
2198	719
2199	970
2200	702
2202	303
2203	719
2206	970
2207	303
2209	970
2210	970
2213	208
2214	307
2218	208
2219	208
2220	775
2221	208
2222	208
2226	208
2227	208
2230	208
2231	208
2235	208
2240	785
2241	406
2242	406
2243	418
2243	579
2246	701
2247	701
2249	406
2250	307
2251	307
2254	406
2255	406
2259	575
2262	575
2263	575
2265	575
2270	575
2272	575
2274	505
2277	801
2278	435
2279	435
2283	801
2286	928
2287	435
2288	435
2289	307
228C	301
2290	307
2295	208
2296	307
2297	970
2299	307
2308	707
2313	559
2318	530
2319	310
2319	559
2319	562
2319	626
2319	714
2319	760
2319	805
2319	909
2321	530
2322	209
2323	760
2332	559
2334	916
2339	530
2342	209
2343	209
2346	831
2348	702
2349	775
2350	575
2351	775
2353	702
2354	775
2356	702
2359	503
2360	530
2362	503
2363	503
2364	503
2373	503
2376	541
2377	541
2383	503
2385	541
2386	503
2387	503
2389	541
2390	208
2392	541
2393	541
2396	503
2397	503
2404	541
2408	360
2408	509
2410	509
2412	509
2418	509
2419	360
2424	971
2427	360
2429	702
2430	360
2431	360
2432	615
2437	509
2442	509
2446	360
2447	360
2451	360
2452	360
2453	360
2455	785
245E	869
2466	270
2466	502
2474	507
247F	581
247F	819
250F	931
2514	484
2518	269
2521	304
2522	412
2524	480
252F	530
2542	910
2547	786
2548	317
2550	231
2550	810
2554	202
2554	443
2554	804
2564	701
2577	701
259E	779
2607	330
2607	567
2612	516
2623	859
2630	320
2640	202
2680	609
2680	908
2680	973
2681	814
2687	234
2688	479
2695	202
2696	302
2704	304
2709	718
271E	706
2739	202
2741	205
2776	519
2782	343
2782	647
2782	905
2801	202
2817	775
2818	971
281E	443
2842	319
2889	727
2894	417
2899	857
2902	704
2918	767
2933	403
2933	604
293C	508
293C	774
2953	830
2961	302
2964	765
2966	615
2967	785
2978	309
2989	908
2999	715
3000	907
3002	907
3003	907
3004	907
3005	907
3007	907
3008	907
3011	907
3013	907
3015	907
3016	907
3019	907
3021	808
3023	907
3025	907
3026	907
3027	907
3029	540
3030	907
3032	435
3043	608
3044	303
3048	908
3052	208
3057	712
3065	701
3070	580
3074	248
3082	830
3097	712
3099	662
309B	937
3100	808
3106	270
3107	859
3112	712
3139	706
3147	613
3149	571
3185	276
3196	903
319D	956
3201	787
3210	267
3210	484
322E	218
3231	385
3232	504
3234	503
3234	971
3235	704
3235	910
324E	702
3251	803
3268	208
3275	573
3282	432
3285	520
3285	623
3300	340
3303	701
3304	541
3311	207
3312	207
3313	207
3315	207
3316	207
3319	208
3331	802
3332	802
3333	575
3334	928
3356	573
3390	712
3395	937
3401	541
3402	760
3410	308
3410	605
3411	307
3436	208
3453	803
3456	512
3460	401
347G	480
3493	203
3495	859
3518	469
3521	802
3527	713
3533	580
3535	517
3539	971
3572	864
3583	502
3586	440
3609	814
3610	985
3614	319
3620	641
3639	908
364E	843
364F	813
365C	502
365C	606
365C	812
3685	787
3699	712
3700	670
3701	440
3704	662
3706	715
3726	903
373F	657
3751	646
3754	207
3755	702
3759	801
3766	252
3768	317
3786	270
3786	859
3796	701
3798	575
3800	671
3804	208
3806	267
3806	570
3806	814
3808	217
3816	208
3839	715
383F	289
3844	308
3866	304
3872	941
3880	307
3910	443
3911	850
3914	334
3922	671
3924	406
3930	706
3945	671
394A	784
3950	801
3964	916
3986	270
3994	270
4001	270
4006	845
4006	914
4007	412
4007	484
4007	814
4009	817
4012	302
4016	401
4017	603
4018	413
4018	781
4024	570
4024	610
4024	717
4029	401
4034	441
4036	201
4036	215
4036	304
4036	315
4036	443
4036	570
4036	571
4036	609
4036	716
4036	717
4036	732
4036	860
4036	914
4036	917
4044	248
4046	940
4053	603
4054	401
4057	787
4069	712
4079	315
4084	978
4085	407
4085	561
4085	954
4087	920
4088	586
4092	712
4093	202
4107	315
4111	812
4115	712
4121	207
4123	732
4125	734
4129	650
4129	661
4131	360
4133	586
4140	845
4145	201
4146	435
4152	518
4152	585
4152	646
4153	267
4155	703
4159	401
4164	970
4165	502
4189	319
4196	580
4211	270
4222	406
422C	814
4233	772
4234	217
4240	270
4245	563
4249	202
4255	843
4256	605
4260	205
4261	765
4263	763
4265	615
4271	503
4272	425
4274	718
4276	302
4285	207
4287	207
428A	580
4294	845
4297	905
4321	509
4322	406
4323	503
4323	541
4324	425
4332	912
4334	919
4335	843
4337	276
4344	214
4344	281
4344	830
4347	586
4349	705
4361	912
4369	270
4369	502
438G	713
4395	206
4401	660
4413	701
4417	517
4418	419
4419	928
4420	209
4420	909
4421	775
4423	360
4425	912
4426	928
4427	208
4429	435
4433	575
4434	915
4438	775
4449	928
4450	505
4451	435
4464	334
4465	850
447D	320
4510	423
4511	276
4518	828
4520	503
4521	360
4527	814
4531	307
4537	284
4547	775
4548	620
4552	574
4553	209
4553	805
4579	516
4580	401
4584	208
4586	931
4588	971
4589	918
4600	307
4601	304
4602	320
4606	304
4607	815
4609	763
4611	435
4615	251
4616	352
4616	407
4616	850
4617	678
4617	762
4618	225
4618	985
4619	662
4621	803
4621	843
4622	423
4622	615
462C	779
4631	337
4632	231
4632	517
4632	810
4632	989
4635	308
4636	912
4640	302
464D	289
4650	319
4660	814
4664	228
4664	601
4664	662
468D	956
4697	503
4704	812
4708	701
4715	206
4718	509
4721	802
4724	662
4725	202
4725	804
4727	289
4727	450
472B	317
4730	843
4733	213
4733	562
4749	240
4752	805
4768	507
4796	563
4802	352
4802	407
4802	850
4803	574
4803	812
4804	732
4804	862
4804	908
4806	423
4806	615
4806	731
4809	910
4809	919
4810	570
4812	918
4814	218
4820	240
4823	787
4823	939
4825	386
4835	985
4837	779
4850	787
4852	614
4852	740
4857	765
4858	864
4860	757
4863	937
4864	251
4869	856
4878	705
4878	709
4878	902
4891	636
4891	816
4893	470
4899	763
489F	681
4913	915
492D	337
4930	337
4932	573
4932	636
4932	660
4936	251
4938	469
4938	682
4942	772
4944	832
4946	631
4948	908
4950	203
4955	787
4959	973
4963	614
4974	670
4976	603
4979	540
497E	250
497E	778
4980	971
4993	267
500F	206
5014	541
5018	479
501D	207
5027	208
5111	207
5113	603
5115	802
511C	704
5125	570
5156	229
5159	903
516C	234
516C	318
516C	334
516C	534
516C	601
516C	762
516C	785
516C	920
516C	938
516C	972
5178	601
5178	662
5179	479
5221	208
5237	785
5244	571
5245	240
5247	913
5255	251
5255	256
5255	334
5257	918
5258	864
5272	309
5278	662
528A	517
5307	910
532D	518
532D	845
5338	814
5344	843
5353	616
5361	712
5368	575
5385	843
5395	712
5417	712
5418	336
5447	312
5451	217
545B	304
5468	615
5470	575
5471	512
5490	940
5493	267
5493	302
5494	267
5499	325
550C	868
5512	763
5514	731
554A	573
554A	660
554D	868
5556	806
5562	239
5562	475
5562	650
5562	678
5562	786
5562	805
5562	916
5562	929
5564	920
5580	302
5584	812
5587	808
5620	270
5632	937
5643	204
5643	416
5643	450
5643	604
5643	778
5643	905
565B	441
5672	502
5700	956
5714	361
5714	936
5715	256
5736	575
573F	603
5750	941
5781	360
5807	308
5807	402
5812	206
5812	253
5812	360
5812	425
5813	918
5816	218
5816	320
5818	813
5820	503
5820	541
5820	971
5832	540
5832	571
5832	757
583C	830
5869	208
588A	970
5910	785
5917	630
591C	989
5932	828
5956	567
5966	240
5977	202
5994	205
6002	601
6003	231
6003	248
6003	269
6003	517
6003	586
6003	616
6003	810
6003	906
6003	947
6003	989
6006	408
6006	415
6006	424
6006	510
6006	562
6006	661
6006	805
6006	818
6006	951
6010	206
6010	208
6010	209
6010	253
6010	303
6010	307
6010	310
6010	406
6010	408
6010	424
6010	505
6010	509
6010	510
6010	520
6010	530
6010	541
6010	559
6010	575
6010	619
6010	626
6010	707
6010	714
6010	760
6010	775
6010	831
6010	909
6010	916
6010	925
6010	970
6011	216
6013	803
6015	308
6017	615
6017	865
6019	843
6021	660
6023	828
6025	234
6025	330
6025	419
6025	513
6025	937
6031	251
6033	281
6034	406
6036	917
6050	240
6062	812
607D	406
6083	617
6083	978
6084	218
6088	609
6088	908
6093	843
6098	763
6100	561
6100	772
6101	508
6109	662
6114	254
6114	325
6114	361
6114	409
6114	432
6114	512
6114	830
6114	956
6115	217
6115	618
6116	229
6116	678
6117	202
6118	303
6118	720
6118	970
6119	240
6119	301
6119	443
611D	503
611D	541
6120	517
6120	989
6123	816
6125	605
6127	315
613D	435
6145	229
6147	972
6151	712
6155	660
6158	765
6162	662
6168	978
6169	507
6179	701
6181	907
6184	802
6214	225
6214	228
6214	229
6214	239
6214	256
6214	270
6214	305
6214	318
6214	321
6214	334
6214	337
6214	340
6214	404
6214	407
6214	504
6214	601
6214	606
6214	662
6214	678
6214	727
6214	770
6214	787
6214	803
6214	850
6214	859
6214	901
6214	904
6214	919
6214	931
6214	954
6214	985
6232	205
6232	217
6232	240
6232	251
6232	256
6232	270
6232	304
6232	309
6232	310
6232	317
6232	319
6232	347
6232	352
6232	386
6232	404
6232	408
6232	415
6232	417
6232	425
6232	443
6232	510
6232	530
6232	563
6232	567
6232	570
6232	571
6232	610
6232	616
6232	631
6232	703
6232	715
6232	716
6232	734
6232	757
6232	802
6232	812
6232	813
6232	814
6232	815
6232	845
6232	847
6232	858
6232	904
6232	910
6232	912
6232	916
6232	917
6232	937
6232	954
6232	956
623D	262
623D	920
6261	707
6265	217
6265	309
6266	641
6267	913
6271	940
6272	580
6273	507
6276	269
6277	574
6278	615
627B	425
6281	843
6282	252
6282	828
6282	910
6283	276
6284	304
6286	814
6289	802
6290	603
6292	907
6298	229
6298	478
6302	864
6304	907
6306	787
6324	252
6324	336
6324	704
6324	919
6324	980
6333	217
6333	309
6333	618
6333	630
6333	708
6333	773
6349	541
6354	907
6386	207
6386	603
6387	339
6387	413
6387	617
6387	774
6387	857
6387	978
6388	203
6389	401
638B	829
6391	551
6391	609
6391	908
6391	973
6392	412
6392	570
6393	302
6394	304
6394	681
6395	301
6395	410
6395	443
6396	228
6396	601
6396	662
6398	803
6398	843
6398	864
6402	202
6418	717
6426	904
6428	678
6435	423
6458	702
6460	567
6483	219
6498	805
649D	319
6500	502
6500	606
6502	561
6502	727
6502	813
6502	850
6502	863
6502	954
6505	318
6505	985
6506	210
6506	281
6506	817
6506	903
6506	915
6506	940
6506	956
6508	262
6508	715
6508	920
6516	808
6522	817
6525	757
6529	206
6529	216
6529	330
6529	331
6529	440
6529	469
6529	505
6529	512
6529	515
6529	530
6529	682
6529	773
6529	801
6529	858
6529	918
6529	951
6530	816
6531	907
6534	210
6534	214
6534	217
6534	218
6534	224
6534	231
6534	234
6534	248
6534	262
6534	281
6534	312
6534	314
6534	316
6534	317
6534	325
6534	330
6534	405
6534	417
6534	573
6534	580
6534	586
6534	605
6534	608
6534	612
6534	618
6534	701
6534	712
6534	740
6534	806
6534	812
6534	814
6534	816
6534	817
6534	830
6534	870
6534	903
6534	906
6534	918
6534	989
6535	731
6538	214
6539	908
6540	229
6540	470
6540	478
6540	678
6540	706
6540	770
6540	912
6548	305
6548	954
6564	406
6565	208
6567	970
6568	701
6569	605
6570	319
6570	515
6570	712
6571	801
6572	520
6572	602
6572	928
6573	575
6574	250
6574	289
6574	418
6574	438
6574	514
6574	519
6574	647
6574	705
6574	778
6579	309
6581	601
6589	586
6590	214
6590	361
6590	936
6590	956
6591	501
6592	787
6595	502
6595	606
6596	740
6597	304
6605	509
6606	770
6611	806
6612	954
6613	970
6614	208
6615	407
6616	770
6617	352
6622	347
6622	516
6622	631
6622	646
6622	716
6622	718
6623	732
6623	848
6624	203
6626	267
6626	484
6627	662
6628	770
6629	260
6629	765
6630	210
6630	214
6630	215
6630	228
6630	231
6630	248
6630	281
6630	313
6630	330
6630	360
6630	401
6630	405
6630	410
6630	415
6630	504
6630	512
6630	516
6630	518
6630	561
6630	586
6630	610
6630	702
6630	708
6630	713
6630	716
6630	732
6630	813
6630	816
6630	818
6630	843
6630	864
6630	901
6630	917
6630	920
6630	952
663D	206
664A	567
6662	318
6664	208
6664	213
6664	225
6664	228
6664	231
6664	248
6664	251
6664	269
6664	304
6664	314
6664	315
6664	320
6664	321
6664	334
6664	337
6664	351
6664	361
6664	402
6664	407
6664	409
6664	415
6664	417
6664	430
6664	440
6664	443
6664	470
6664	484
6664	509
6664	515
6664	540
6664	570
6664	573
6664	586
6664	603
6664	608
6664	616
6664	617
6664	619
6664	626
6664	630
6664	682
6664	704
6664	708
6664	713
6664	714
6664	715
6664	716
6664	718
6664	720
6664	740
6664	757
6664	765
6664	773
6664	775
6664	779
6664	781
6664	801
6664	810
6664	812
6664	814
6664	816
6664	817
6664	830
6664	859
6664	860
6664	872
6664	903
6664	910
6664	918
6664	919
6664	928
6664	937
6664	956
6673	865
6673	931
6678	478
6692	715
6692	920
6695	906
6696	209
6698	865
6700	740
6701	612
6701	660
6701	813
6701	832
6702	706
6704	423
6706	770
6710	334
6711	814
6718	989
6725	219
6725	260
6725	317
6725	812
6726	430
6733	907
6734	973
6735	228
6736	956
6739	814
6744	229
6745	262
6746	254
6747	907
6749	505
6750	808
6751	636
6752	270
6753	319
6754	727
6756	505
6757	210
6761	815
6766	715
6769	618
6770	954
6771	478
6778	808
6783	406
6789	269
6790	225
6792	912
6795	847
6800	917
6801	908
6802	972
6804	205
6804	334
6805	870
6809	612
6810	757
6811	270
6814	731
6818	920
6820	325
6820	979
6822	276
6822	740
6824	904
6827	540
6827	571
6827	757
6829	801
6830	908
6831	928
6832	702
6833	903
6834	606
6837	414
6837	608
6837	920
6839	713
6840	918
6841	954
6842	318
6844	979
6845	908
6846	717
6851	620
6853	225
6855	757
6858	864
6859	256
6860	214
6862	205
6864	423
6865	785
6866	478
6867	618
6868	901
6870	316
6871	908
6872	907
6873	908
6874	308
6877	917
6878	304
6879	606
6880	865
6882	907
6885	256
6886	307
6889	305
6889	603
6889	786
688B	876
6901	956
6906	209
6906	239
6906	323
6906	559
6906	562
6906	909
6907	303
6908	602
6909	616
6911	305
6914	828
6915	340
6916	850
6917	662
6919	717
6922	318
6923	601
6923	662
6925	910
6926	907
6929	770
6933	787
6934	620
6935	931
6937	601
6938	828
6940	304
6944	806
6946	706
6950	408
6950	661
6951	407
6959	347
6959	516
6959	518
6959	631
6959	716
6959	845
6959	914
6959	917
6967	916
6972	813
6981	802
6988	956
6990	920
6991	787
6992	304
6996	613
7008	701
7010	605
7013	419
7017	859
701E	224
701E	708
701E	779
7021	402
7021	605
7023	985
7024	605
7031	508
7048	918
7056	708
7056	847
7059	347
7059	631
7059	718
7059	914
705F	778
7060	317
7061	240
7074	713
7076	605
7077	203
7087	682
7087	713
7094	515
7097	501
7126	347
7126	516
7128	209
7128	408
7130	315
7131	321
7131	727
7131	954
7133	718
7134	201
7135	508
7136	773
7136	847
7140	718
7142	201
7142	732
7143	203
7144	402
7145	408
7145	415
7145	916
7146	360
7147	858
7157	517
7163	440
7170	770
7172	360
7174	916
7175	602
7176	801
7185	276
7187	316
7187	620
7188	802
7189	757
7189	804
718F	229
7192	539
7196	847
7197	315
7197	518
7199	781
719F	218
719F	507
7215	712
7216	920
7217	602
7218	417
7228	410
7229	212
7229	252
7229	281
7229	412
7229	602
7229	609
7229	610
7229	703
7229	707
7229	763
7229	770
7229	781
7229	856
7229	925
7229	940
7234	502
7236	615
7239	281
7240	323
7240	510
7240	562
7240	831
7243	859
7249	817
7262	323
7262	408
7262	424
7262	510
7262	626
7262	707
7262	760
7263	713
7265	617
7273	864
7274	206
7278	865
7309	302
7310	856
7314	765
7315	412
7325	443
7327	205
7341	215
7343	845
7344	901
7349	520
7350	918
7351	401
7353	516
7353	718
7378	970
7379	310
7379	530
7379	559
7379	619
7379	707
7379	818
7379	831
7379	916
7391	850
7393	815
7421	201
7421	203
7421	212
7421	215
7421	240
7421	270
7421	337
7421	360
7421	412
7421	508
7421	517
7421	540
7421	562
7421	605
7421	617
7421	618
7421	626
7421	646
7421	781
7421	856
7421	860
7421	910
7421	919
7421	954
7421	973
742D	913
7434	215
7437	813
743B	506
743B	709
743B	905
7443	330
7448	813
7453	415
7453	562
7453	831
7453	858
7454	808
7455	360
7459	765
7460	614
7460	937
7466	307
7469	256
7473	843
7473	912
7475	256
7485	360
748D	559
7490	678
7511	208
7513	717
7514	859
7516	512
7516	682
7520	216
7520	614
7530	801
7531	458
7531	503
7533	407
7534	213
7535	352
7537	458
753E	308
7552	480
7552	520
7555	919
7558	208
7566	904
7567	702
7591	240
7593	913
7594	417
7598	850
7607	224
7607	708
7607	847
7608	419
7608	567
7610	510
7610	805
7619	781
7632	918
7635	561
7642	715
764D	719
7656	479
7661	805
7666	636
7670	817
7670	940
7674	704
7701	586
7701	810
7715	713
7718	323
7718	559
7718	626
771A	985
7721	312
7721	815
7721	847
7726	469
7726	972
773F	251
7747	262
7755	781
7757	215
7757	302
7757	484
7765	708
7765	773
7766	917
7767	262
776A	361
7773	434
7783	952
7784	801
7785	907
7796	910
7797	678
7801	719
7809	806
7816	402
7820	412
7830	406
7849	240
7857	321
7870	406
7893	806
7894	626
7908	763
7967	856
7968	302
7970	919
7978	412
7979	414
7982	469
7982	817
7989	315
8004	760
8012	304
8050	418
8050	450
8050	514
8050	819
8051	416
8051	519
8051	613
8051	705
8051	807
8051	905
805E	207
8070	330
8071	228
8073	361
8082	250
8083	418
8084	403
8084	587
8084	780
8085	709
8086	250
8086	604
8086	778
8087	902
8088	204
8089	902
8090	506
8091	306
8092	867
8094	807
8105	321
8140	406
8168	567
817D	581
818D	819
819D	712
8202	519
8203	519
8204	519
8205	519
8206	705
8208	418
8210	807
8211	705
8212	519
8213	819
8214	519
8215	519
8216	519
8218	807
8219	418
8220	613
8221	819
8223	519
8225	613
8226	519
8227	613
8228	705
8229	705
8230	705
8231	519
8232	613
8233	418
8235	418
8237	819
8239	450
8239	819
8240	519
8241	450
8242	450
8244	613
8245	519
8250	876
8253	817
8254	450
8257	819
8274	763
8281	605
8282	701
8287	303
8293	602
8294	360
8299	603
8300	772
8301	250
8301	403
8301	587
8301	604
8301	780
8303	249
8303	306
8303	416
8303	438
8303	450
8303	506
8303	514
8303	647
8303	705
8303	819
8303	902
8304	416
8304	587
8304	780
8304	905
8305	787
8306	418
8306	450
8306	514
8306	819
8318	423
8322	408
8322	714
8322	909
833C	918
8340	347
8340	914
8345	781
8347	610
8356	865
8357	540
8357	703
8367	702
8368	772
8372	501
8377	403
8377	604
8377	905
8392	404
8392	762
8392	770
8393	520
8405	763
8407	973
8413	817
845D	712
8465	303
846F	779
8473	212
8474	319
8483	215
8491	805
8502	717
8506	403
851A	402
8522	719
8534	843
8540	720
8568	740
8591	562
8593	712
8605	240
8613	843
8614	920
8629	503
862D	541
8632	402
8638	330
8638	440
8638	614
8639	712
8640	228
8645	252
8645	843
8645	864
8646	678
864F	252
8654	219
8656	503
8660	228
8660	615
8660	864
8661	806
8664	305
8665	816
8667	212
8668	985
8682	713
8685	269
8687	713
8688	864
8689	727
8690	562
8690	949
8692	941
8700	267
8700	413
8700	508
8700	603
8700	774
8705	704
8708	712
8709	847
8711	440
8713	256
8717	850
8718	912
8721	217
8721	309
8723	913
8726	906
8727	507
8727	763
8729	660
8731	402
8732	702
8734	201
8735	252
8735	336
8737	918
8738	541
8739	570
8742	931
8743	936
8744	435
8745	757
8746	360
8748	920
8756	215
8758	470
875F	681
8760	815
8762	218
8765	678
8773	850
8778	401
8782	310
8782	714
8782	949
8791	809
8809	318
8812	605
8819	519
8819	780
8820	709
8821	226
8821	250
8821	403
8821	416
8821	514
8821	519
8821	587
8821	647
8821	778
8821	902
8825	276
8825	434
8826	310
8826	559
8826	562
8826	747
8826	916
8827	408
8827	707
8827	714
8830	571
8831	202
8832	240
8833	469
8833	817
8839	985
8847	441
8851	713
8856	913
8864	443
8870	479
8881	805
8886	442
8900	912
8901	264
8902	268
8903	242
8904	246
8905	441
8906	284
8907	345
8908	767
8909	809
8909	829
8910	473
8911	876
8912	664
8913	869
8914	869
8915	758
8916	784
8919	649
8921	809
8924	339
8925	786
8934	812
8937	716
8938	304
8939	563
8942	413
8942	978
8945	276
8950	312
8953	660
8958	512
8960	843
8992	240
8994	225
899D	323
899D	760
9002	337
9102	401
9102	413
9102	508
9102	617
9102	857
9102	978
9104	212
9104	315
9104	516
9104	518
9104	631
9104	646
9104	716
9104	718
9104	845
9104	914
9104	917
9129	319
9133	419
9133	937
913F	406
9145	702
9147	860
9161	229
9170	443
9206	201
9206	609
9206	856
9206	908
9206	973
9208	215
9208	412
9208	570
9208	610
9208	717
9208	724
9208	814
9210	302
9211	202
9212	240
9212	301
9212	410
9212	443
9213	434
9213	540
9213	571
9213	703
9213	757
9213	804
9214	304
9231	541
9236	251
9236	334
9245	989
9262	415
9269	971
927D	863
9304	918
930B	812
9321	216
9321	330
9321	419
9321	440
9321	614
9321	937
9323	231
9323	248
9323	313
9323	586
9323	616
9323	734
9323	906
9323	989
9324	863
9325	317
9325	765
9325	812
9327	414
9327	715
9327	920
9329	217
9329	224
9329	312
9329	630
9329	708
9329	773
9329	815
9329	847
9348	513
9348	812
9348	859
9356	207
936F	503
937C	850
9406	312
9408	713
9413	907
9416	307
9417	305
9417	334
9417	336
9417	352
9417	386
9417	404
9417	407
9417	561
9417	678
9417	704
9417	706
9417	770
9417	772
9417	786
9417	803
9417	828
9417	843
9417	850
9417	864
9417	904
9417	910
9417	912
9417	919
9417	954
9419	205
9419	225
9419	228
9419	229
9419	251
9419	256
9419	270
9419	318
9419	337
9419	423
9419	502
9419	504
9419	601
9419	606
9419	615
9419	662
9419	731
9419	828
9419	859
9419	865
9419	901
9419	931
9419	985
9475	814
9533	210
9533	214
9533	254
9533	281
9533	314
9533	325
9533	405
9533	409
9533	417
9533	432
9533	469
9533	479
9533	501
9533	512
9533	573
9533	580
9533	620
9533	636
9533	713
9533	785
9533	806
9533	816
9533	817
9533	830
9533	870
9533	903
9533	913
9533	915
9533	918
9533	940
9533	956
9533	972
9533	979
9539	828
9558	682
9584	809
9584	829
9597	402
9607	970
9627	541
9631	307
9631	319
9631	320
9631	402
9631	507
9631	515
9631	605
9631	612
9631	651
9631	712
9631	715
9631	763
9631	952
9636	208
9636	303
9636	307
9636	308
9636	406
9636	435
9636	480
9636	505
9636	575
9636	602
9636	623
9636	719
9636	720
9636	801
9636	928
9636	970
9638	206
9638	253
9638	360
9638	503
9638	509
9638	541
9654	828
9658	575
966C	617
9671	405
9671	918
9690	270
9690	606
9691	606
970C	812
9726	787
9732	580
9740	209
9740	213
9740	310
9740	323
9740	408
9740	415
9740	510
9740	530
9740	559
9740	619
9740	650
9740	661
9740	707
9740	714
9740	760
9740	818
9740	916
9740	925
9740	949
9742	702
9742	775
9748	213
9748	248
9748	313
9748	330
9748	419
9748	561
9748	573
9748	616
9748	618
9748	651
9748	810
9748	818
9748	845
9758	641
9759	715
9764	308
9769	712
9784	573
9785	573
9786	417
9787	660
9788	334
9789	251
9804	208
9805	208
980F	715
980F	920
981E	424
9826	251
9841	203
985E	515
9861	867
9868	306
9877	641
9898	769
9900	515
991B	204
9924	207
9937	807
993E	417
9955	712
997E	347
997E	917
9998	721
MULT	207
MULT	307
MULT	325
MULT	347
MULT	352
MULT	413
MULT	424
MULT	432
MULT	443
MULT	515
MULT	606
MULT	609
MULT	614
MULT	619
MULT	684
MULT	705
MULT	719
MULT	754
MULT	809
MULT	859
MULT	906
MULT	908
MULT	973
