#FIG 3.2
Landscape
Center
Inches
D       
100.00
Single
-2
1200 2
0 32 #949694
0 33 #c6c7c6
6 2475 2625 3525 3675
2 3 0 1 -1 30 49 0 -1 4.000 1 1 -1 0 0 5
	 2625 2775 2625 3525 3375 2775 3375 3525 2625 2775
2 4 0 3 -1 30 50 0 20 0.000 1 1 5 0 0 5
	 3450 3600 2550 3600 2550 2700 3450 2700 3450 3600
4 1 -1 47 0 18 16 0.0000 4 180 375 2999 3240 MG\001
-6
6 2475 1425 3525 2475
2 3 0 1 -1 30 49 0 -1 4.000 1 1 -1 0 0 5
	 2625 1575 2625 2325 3375 1575 3375 2325 2625 1575
2 4 0 3 -1 30 50 0 20 0.000 1 1 5 0 0 5
	 3450 2400 2550 2400 2550 1500 3450 1500 3450 2400
4 1 -1 47 0 18 16 0.0000 4 180 375 2999 2040 MG\001
-6
6 2475 3825 3525 4875
2 3 0 1 -1 30 49 0 -1 4.000 1 1 -1 0 0 5
	 2625 3975 2625 4725 3375 3975 3375 4725 2625 3975
2 4 0 3 -1 30 50 0 20 0.000 1 1 5 0 0 5
	 3450 4800 2550 4800 2550 3900 3450 3900 3450 4800
4 1 -1 47 0 18 16 0.0000 4 180 375 2999 4440 MG\001
-6
6 4725 4275 6075 5625
1 3 0 3 -1 30 50 0 20 0.000 1 0.0000 5400 4950 600 600 5400 4950 6000 4950
2 3 0 1 -1 30 49 0 -1 4.000 1 1 -1 0 0 5
	 5025 4575 5025 5325 5775 4575 5775 5325 5025 4575
4 1 -1 47 0 18 16 0.0000 4 180 495 5399 5040 SSP\001
-6
6 4725 675 6075 2025
1 3 0 3 -1 30 50 0 20 0.000 1 0.0000 5400 1350 600 600 5400 1350 6000 1350
2 3 0 1 -1 30 49 0 -1 4.000 1 1 -1 0 0 5
	 5025 975 5025 1725 5775 975 5775 1725 5025 975
4 1 -1 47 0 18 16 0.0000 4 180 495 5399 1440 SSP\001
-6
6 5775 3225 7125 4575
1 3 0 3 -1 30 50 0 20 0.000 1 0.0000 6450 3900 600 600 6450 3900 7050 3900
2 3 0 1 -1 30 49 0 -1 4.000 1 1 -1 0 0 5
	 6075 3525 6075 4275 6825 3525 6825 4275 6075 3525
4 1 -1 47 0 18 16 0.0000 4 180 495 6449 3990 SSP\001
-6
6 5775 1725 7125 3075
1 3 0 3 -1 30 50 0 20 0.000 1 0.0000 6450 2400 600 600 6450 2400 7050 2400
2 3 0 1 -1 30 49 0 -1 4.000 1 1 -1 0 0 5
	 6075 2025 6075 2775 6825 2025 6825 2775 6075 2025
4 1 -1 47 0 18 16 0.0000 4 180 495 6449 2490 SSP\001
-6
6 -225 2475 1125 3825
1 3 0 3 -1 30 50 0 20 0.000 1 0.0000 450 3150 600 600 450 3150 1050 3150
2 3 0 1 -1 30 49 0 -1 4.000 1 1 -1 0 0 5
	 75 2775 75 3525 825 2775 825 3525 75 2775
4 1 -1 47 0 18 16 0.0000 4 180 555 449 3240 MGC\001
-6
6 -675 150 4200 6600
1 2 0 1 32 33 53 0 20 6.000 1 0.0000 2411 4385 1136 1592 1275 2793 3550 5978
1 2 0 1 32 33 53 0 20 6.000 1 0.0000 1654 4931 1136 1592 518 3339 2793 6527
1 2 0 1 32 33 53 0 20 6.000 1 0.0000 569 3999 1136 1592 -568 2407 1707 5592
1 2 0 1 32 33 53 0 20 6.000 1 0.0000 1869 1824 1136 1592 732 231 3007 3417
1 2 0 1 32 33 53 0 20 6.000 1 0.0000 2954 2755 1136 1592 1818 1163 4093 4349
1 2 0 1 32 33 53 0 20 6.000 1 0.0000 894 2057 1136 1591 -243 465 2032 3648
1 2 0 0 32 33 52 0 20 0.000 1 0.0000 1654 3296 1786 2603 -132 5899 3443 693
-6
2 1 0 5 0 30 52 0 -1 0.000 1 1 -1 0 0 3
	 3000 4350 4200 4350 5400 4950
2 1 0 5 0 30 52 0 -1 12.000 1 1 -1 0 0 3
	 3000 1950 4200 1950 5400 1350
2 1 0 5 0 30 52 0 -1 12.000 1 1 -1 0 0 3
	 3000 1950 4200 2400 6450 2400
2 1 0 5 0 30 52 0 -1 12.000 1 1 -1 0 0 3
	 3000 4350 4200 3900 6450 3900
2 1 0 5 0 30 52 0 -1 12.000 1 1 -1 0 0 3
	 3000 3150 4200 3000 6450 2400
2 1 0 5 0 30 52 0 -1 12.000 1 1 -1 0 0 3
	 3000 3150 4200 3300 6450 3900
